27, 125, pa2-debug-c-output1.txt
  193.37,   206.11,   191.94
  396.24,   402.39,   190.08
  100.93,   100.43,    99.94
  103.17,    98.63,   224.99
  105.54,    96.84,   349.85
  103.36,   225.45,   101.63
  105.70,   223.70,   226.58
  108.14,   221.72,   351.36
  105.72,   350.38,   103.30
  107.86,   348.67,   228.22
  110.23,   346.63,   353.09
  225.75,    98.08,    97.59
  227.99,    96.42,   222.60
  230.52,    94.39,   347.63
  228.19,   223.06,    99.45
  230.40,   221.45,   224.33
  232.97,   219.35,   349.01
  230.80,   347.95,   101.13
  232.96,   346.18,   226.04
  235.22,   344.16,   350.69
  350.45,    95.63,    95.45
  352.68,    94.01,   220.42
  355.27,    91.93,   345.42
  353.01,   220.62,    97.27
  355.09,   218.89,   222.22
  357.52,   216.93,   347.06
  355.89,   345.35,    98.76
  358.21,   343.51,   223.71
  360.29,   341.83,   348.65
  102.00,   100.61,   223.11
  104.49,   103.84,   347.92
  106.96,   107.12,   472.77
   98.33,   225.60,   219.79
  100.85,   228.67,   344.56
  103.32,   231.82,   469.41
   94.36,   350.52,   216.50
   96.78,   353.58,   341.40
   99.36,   356.68,   466.37
  226.76,   104.49,   220.56
  229.43,   107.49,   345.50
  232.03,   110.58,   470.42
  223.02,   229.44,   217.37
  225.66,   232.38,   342.00
  228.24,   235.38,   466.86
  219.38,   354.15,   214.19
  221.73,   357.13,   338.79
  224.06,   360.22,   463.74
  351.35,   108.16,   218.26
  354.03,   111.11,   343.19
  356.57,   114.20,   467.98
  347.73,   232.95,   215.07
  350.24,   236.04,   339.86
  352.76,   239.18,   464.71
  344.66,   357.51,   211.66
  346.86,   360.85,   336.54
  348.98,   364.18,   461.52
   99.82,   101.31,   351.15
  101.74,   101.77,   476.06
  103.53,   102.30,   601.12
   97.17,   226.20,   350.63
   99.11,   226.52,   475.52
  100.92,   227.08,   600.64
   94.08,   351.17,   350.29
   96.15,   351.45,   475.32
   98.18,   352.06,   600.45
  224.83,   104.05,   349.35
  226.89,   104.31,   474.35
  228.68,   104.91,   599.34
  222.04,   229.00,   348.64
  224.10,   229.15,   473.58
  225.94,   229.57,   598.82
  219.04,   353.81,   348.25
  220.88,   354.06,   473.29
  222.84,   354.60,   598.65
  349.49,   106.76,   347.62
  351.50,   107.00,   472.48
  353.32,   107.58,   597.37
  346.63,   231.75,   347.12
  348.65,   232.03,   472.01
  350.65,   232.45,   597.06
  344.16,   356.64,   346.63
  345.80,   357.10,   471.66
  347.65,   357.52,   596.79
   98.52,   101.27,   474.22
   97.22,   104.14,   599.23
   95.75,   107.09,   724.42
   98.59,   226.02,   471.30
   97.32,   228.93,   596.38
   95.86,   232.07,   721.62
   98.31,   350.93,   468.69
   97.28,   353.88,   593.81
   96.03,   357.09,   718.96
  223.71,   101.17,   475.61
  222.44,   104.11,   600.56
  220.73,   107.22,   725.56
  223.64,   225.99,   472.43
  222.40,   228.76,   597.65
  220.87,   231.83,   722.95
  223.10,   350.91,   469.75
  221.98,   353.77,   595.08
  220.95,   356.86,   720.43
  348.39,   101.19,   476.81
  347.11,   104.12,   601.68
  345.72,   107.24,   726.62
  348.23,   226.21,   473.95
  347.15,   228.97,   598.97
  345.84,   231.95,   724.06
  348.05,   351.28,   471.22
  346.83,   354.04,   596.32
  345.77,   356.80,   721.39
  100.55,    98.21,   599.46
   99.34,    94.65,   724.64
   97.92,    91.13,   849.99
  101.44,   222.96,   603.11
  100.21,   219.59,   728.33
   98.75,   216.06,   853.43
  102.18,   347.90,   607.07
  101.17,   344.62,   732.22
  100.09,   341.07,   857.09
  225.75,    97.36,   600.49
  224.33,    93.98,   725.44
  222.66,    90.42,   850.72
  226.51,   221.95,   604.09
  225.20,   218.54,   729.33
  223.44,   215.30,   854.31
  226.91,   346.96,   608.06
  226.12,   343.51,   733.36
  225.01,   340.08,   858.25
  350.40,    96.52,   601.28
  349.26,    93.13,   726.16
  348.29,    89.34,   851.18
  351.27,   221.32,   605.10
  350.22,   217.82,   730.15
  348.96,   214.35,   855.06
  351.76,   346.36,   608.97
  350.96,   342.61,   734.00
  350.03,   339.07,   858.94
   99.31,   224.01,   100.81
   95.71,   224.08,   225.75
   92.17,   223.96,   350.56
   97.82,   348.93,   100.61
   94.04,   349.09,   225.52
   90.46,   348.97,   350.47
   96.52,   474.01,   100.53
   92.62,   474.10,   225.47
   88.93,   473.94,   350.36
  224.10,   225.47,   104.59
  220.42,   225.66,   229.42
  217.07,   225.39,   354.06
  222.85,   350.39,   104.44
  219.07,   350.45,   229.30
  215.40,   350.23,   353.92
  221.52,   475.41,   104.28
  217.73,   475.39,   229.22
  213.98,   475.14,   353.93
  348.88,   226.85,   108.36
  345.11,   226.92,   233.27
  341.64,   226.80,   358.05
  347.97,   351.56,   108.01
  344.33,   351.60,   232.95
  340.47,   351.73,   357.82
  346.78,   476.36,   107.72
  343.26,   476.46,   232.71
  339.26,   476.75,   357.70
   98.46,   225.67,   225.76
   95.73,   222.01,   350.54
   92.93,   218.48,   475.38
   99.75,   350.62,   229.17
   96.98,   346.94,   354.05
   94.35,   343.36,   479.03
  101.27,   475.59,   232.73
   98.41,   471.82,   357.57
   95.83,   468.29,   482.59
  223.19,   224.19,   228.62
  220.64,   220.40,   353.23
  218.00,   216.68,   478.11
  224.83,   348.92,   232.10
  221.95,   345.18,   356.70
  219.10,   341.57,   481.69
  226.48,   473.78,   235.62
  223.50,   470.03,   360.31
  220.47,   466.48,   485.32
  347.89,   222.41,   231.64
  345.20,   218.75,   356.40
  342.55,   215.14,   481.21
  350.09,   347.03,   234.92
  347.01,   343.63,   359.78
  343.97,   340.19,   484.75
  352.02,   471.83,   238.28
  348.79,   468.62,   363.26
  345.51,   465.27,   488.32
   98.57,   226.61,   349.38
  100.39,   225.21,   474.27
  102.06,   224.05,   599.38
   99.31,   351.58,   350.68
  101.25,   350.13,   475.71
  103.14,   349.03,   600.86
  100.26,   476.52,   351.99
  102.23,   475.09,   477.05
  104.30,   474.07,   602.18
  223.47,   225.60,   347.53
  225.41,   224.03,   472.46
  227.12,   222.74,   597.69
  224.32,   350.43,   348.80
  226.03,   348.97,   473.83
  227.85,   347.78,   599.18
  225.40,   475.34,   350.21
  226.96,   473.93,   475.25
  228.77,   472.90,   600.60
  348.08,   224.54,   346.15
  349.98,   223.09,   471.03
  351.86,   221.79,   596.06
  349.45,   349.45,   347.32
  350.96,   348.19,   472.34
  352.70,   346.89,   597.45
  350.76,   474.47,   348.58
  352.07,   473.32,   473.69
  353.64,   472.00,   598.85
   99.16,   222.86,   474.81
   98.55,   220.50,   599.91
   97.73,   218.35,   725.16
  101.24,   347.74,   477.49
  100.85,   345.44,   602.63
  100.24,   343.39,   727.82
  103.41,   472.66,   480.08
  103.21,   470.44,   605.20
  102.71,   468.38,   730.29
  224.21,   220.45,   475.25
  223.63,   217.95,   600.47
  222.71,   215.77,   725.75
  226.01,   345.36,   477.86
  225.57,   342.95,   603.20
  225.17,   340.74,   728.54
  228.12,   470.29,   480.52
  227.67,   468.04,   605.87
  227.55,   465.92,   731.16
  348.77,   218.28,   476.05
  348.37,   215.77,   601.07
  347.70,   213.52,   726.15
  350.93,   343.35,   478.61
  350.41,   340.82,   603.70
  349.99,   338.33,   728.77
  353.21,   468.45,   481.21
  352.53,   465.90,   606.35
  352.25,   463.26,   731.37
  100.53,   224.73,   599.48
  100.95,   223.86,   724.75
  101.13,   222.87,   849.89
  100.63,   349.72,   600.91
  101.27,   348.94,   726.12
  101.83,   347.92,   851.08
  100.79,   474.76,   602.19
  101.54,   473.96,   727.28
  102.17,   472.83,   852.34
  225.61,   224.40,   598.83
  225.96,   223.48,   724.14
  225.88,   222.74,   849.19
  225.34,   349.45,   600.28
  226.21,   348.51,   725.64
  226.80,   347.58,   850.64
  225.27,   474.57,   601.66
  226.38,   473.74,   726.97
  227.37,   472.55,   851.94
  350.36,   224.45,   598.24
  350.97,   223.44,   723.34
  351.37,   222.48,   848.33
  350.20,   349.54,   599.59
  351.04,   348.30,   724.68
  351.77,   347.22,   849.69
  350.15,   474.66,   600.96
  351.09,   473.29,   726.01
  352.09,   472.10,   850.94
   99.48,   349.76,   101.34
   96.76,   352.16,   226.26
   94.23,   354.27,   351.19
   99.75,   474.84,    99.07
   96.89,   477.17,   224.01
   94.27,   479.22,   348.88
  100.00,   600.03,    96.80
   97.24,   602.31,   221.74
   94.68,   604.26,   346.49
  224.55,   349.69,   104.12
  221.83,   351.99,   228.98
  219.21,   354.03,   353.61
  224.80,   474.68,   101.74
  222.07,   476.92,   226.69
  219.39,   478.94,   351.42
  224.93,   599.74,    99.42
  222.21,   602.12,   224.42
  219.79,   604.07,   349.23
  349.69,   349.35,   106.64
  347.13,   351.62,   231.57
  344.33,   354.01,   356.46
  350.07,   474.13,   104.14
  347.64,   476.46,   229.12
  344.71,   479.02,   354.12
  350.20,   599.23,   101.99
  347.57,   601.67,   226.89
  344.78,   604.19,   351.83
   98.64,   351.95,   226.05
   99.32,   353.35,   350.99
  100.15,   354.85,   476.04
   94.94,   476.91,   224.49
   95.52,   478.26,   349.40
   96.40,   479.79,   474.47
   91.48,   601.98,   222.93
   92.08,   603.27,   347.71
   92.90,   604.77,   472.69
  223.70,   355.56,   225.52
  224.28,   356.91,   350.19
  224.86,   358.41,   475.24
  220.08,   480.46,   223.93
  220.62,   481.79,   348.69
  221.09,   483.30,   473.73
  216.36,   605.63,   222.35
  217.17,   606.87,   347.20
  217.92,   608.24,   472.20
  349.00,   358.95,   224.82
  349.40,   360.67,   349.77
  349.78,   362.37,   474.82
  345.63,   483.77,   223.09
  345.93,   485.65,   348.13
  346.14,   487.43,   473.25
  341.67,   608.96,   221.58
  342.13,   610.77,   346.54
  342.66,   612.46,   471.65
  100.11,   350.28,   351.72
  100.99,   353.32,   476.73
  101.84,   356.72,   601.86
  100.03,   475.20,   348.56
  100.95,   478.25,   473.60
  101.98,   481.72,   598.69
  100.33,   600.22,   345.33
  101.20,   603.21,   470.27
  102.18,   606.67,   595.33
  225.13,   350.11,   350.91
  225.77,   353.14,   475.92
  226.54,   356.46,   601.26
  225.20,   475.00,   347.84
  225.71,   478.07,   472.85
  226.46,   481.53,   598.18
  225.46,   600.12,   344.78
  226.24,   603.06,   469.77
  226.92,   606.50,   594.94
  350.27,   350.13,   350.49
  350.73,   353.36,   475.50
  351.41,   356.55,   600.58
  350.56,   475.11,   347.27
  350.83,   478.46,   472.36
  351.34,   481.63,   597.51
  350.51,   600.26,   344.10
  351.04,   603.53,   469.19
  351.61,   606.67,   594.36
  101.35,   350.17,   474.75
  105.27,   348.08,   599.84
  108.98,   346.28,   725.03
  100.12,   475.12,   477.12
  104.21,   473.12,   602.19
  108.03,   471.31,   727.26
   99.17,   600.11,   479.29
  103.22,   598.11,   604.34
  106.91,   596.21,   729.34
  226.07,   351.28,   470.87
  229.92,   349.11,   596.16
  233.85,   347.13,   721.44
  224.80,   476.21,   473.31
  228.63,   474.22,   598.60
  232.79,   472.33,   723.84
  224.12,   601.21,   475.72
  227.86,   599.22,   600.88
  231.71,   597.47,   726.01
  350.98,   352.78,   467.39
  354.73,   350.51,   592.44
  358.63,   348.22,   717.44
  349.87,   477.89,   469.75
  353.46,   475.60,   594.86
  357.44,   473.19,   719.83
  348.88,   602.97,   472.09
  352.50,   600.65,   597.22
  356.35,   598.30,   722.24
  102.06,   349.29,   598.86
   98.50,   353.06,   723.97
   94.88,   356.60,   848.82
   99.76,   474.26,   595.52
   96.31,   477.99,   720.48
   92.67,   481.42,   845.42
   97.52,   599.21,   591.98
   93.95,   602.79,   716.89
   90.02,   606.09,   841.85
  226.70,   351.58,   602.39
  223.37,   355.21,   727.67
  219.81,   358.81,   852.58
  224.18,   476.63,   599.13
  221.08,   480.37,   724.36
  217.87,   483.76,   849.26
  222.19,   601.56,   595.72
  218.77,   605.43,   720.81
  215.23,   608.87,   845.68
  351.49,   354.22,   605.85
  348.13,   357.51,   730.86
  344.68,   360.99,   855.78
  348.99,   479.26,   602.60
  345.73,   482.46,   727.57
  342.55,   485.83,   852.42
  346.82,   604.27,   599.27
  343.40,   607.55,   724.28
  340.05,   610.91,   848.99
  100.79,   475.42,    98.49
   97.82,   473.30,   223.43
   95.11,   470.89,   348.30
  104.38,   600.59,   100.75
  101.54,   598.38,   225.69
   98.90,   595.84,   350.45
  107.84,   725.64,   102.82
  105.26,   723.41,   227.99
  102.85,   720.87,   352.62
  225.78,   471.77,   101.18
  222.96,   469.56,   226.14
  220.17,   467.13,   350.85
  229.30,   596.78,   103.39
  226.51,   594.68,   228.38
  223.96,   592.18,   353.19
  232.82,   721.83,   105.72
  229.94,   719.88,   230.62
  227.69,   717.32,   355.46
  350.99,   467.74,   103.61
  348.48,   465.62,   228.59
  345.44,   463.71,   353.60
  354.54,   592.77,   105.97
  351.84,   590.74,   230.87
  348.94,   588.83,   355.83
  357.75,   717.98,   108.47
  354.75,   716.08,   233.33
  352.15,   713.93,   358.04
   98.86,   475.85,   226.29
   99.56,   473.73,   351.19
  100.54,   471.81,   476.25
  102.59,   600.94,   228.13
  103.38,   598.70,   352.93
  104.30,   596.72,   477.91
  106.33,   725.97,   230.01
  107.35,   723.75,   354.68
  108.24,   721.62,   479.49
  224.03,   472.15,   225.60
  224.67,   470.05,   350.35
  225.22,   468.13,   475.40
  227.59,   597.29,   227.43
  228.46,   595.12,   352.27
  229.23,   593.10,   477.29
  231.02,   722.49,   229.25
  232.17,   720.26,   354.11
  233.43,   718.05,   479.14
  349.58,   468.25,   224.65
  349.98,   466.68,   349.69
  350.29,   465.02,   474.81
  352.94,   593.39,   226.51
  353.46,   591.80,   351.49
  354.01,   590.09,   476.62
  355.86,   718.74,   228.56
  356.65,   716.92,   353.29
  357.69,   715.03,   478.30
   99.89,   476.03,   350.47
   98.47,   473.52,   475.52
   97.15,   471.38,   600.62
  100.11,   601.06,   352.83
   98.62,   598.50,   477.80
   97.24,   596.38,   602.87
  100.46,   726.13,   355.20
   98.88,   723.46,   479.97
   97.24,   721.36,   605.01
  225.04,   475.91,   352.10
  223.19,   473.38,   477.13
  221.61,   471.25,   602.46
  225.23,   601.02,   354.64
  223.62,   598.38,   479.64
  221.94,   596.27,   604.84
  225.37,   726.18,   357.10
  224.25,   723.35,   482.10
  222.55,   721.12,   607.08
  350.38,   476.11,   353.89
  348.28,   473.84,   478.99
  346.47,   471.40,   604.14
  350.24,   601.28,   356.33
  348.42,   598.92,   481.44
  346.62,   596.45,   606.61
  349.86,   726.40,   358.74
  348.57,   723.87,   483.74
  347.04,   721.39,   608.97
  101.58,   475.02,   476.97
  102.95,   473.57,   602.10
  104.05,   472.30,   727.20
  100.19,   600.01,   478.58
  101.52,   598.57,   603.68
  102.48,   597.18,   728.71
   98.91,   724.98,   480.08
  100.00,   723.55,   605.14
  100.69,   722.14,   730.26
  226.31,   476.51,   475.89
  227.42,   475.05,   601.24
  228.87,   473.73,   726.55
  225.20,   601.50,   477.73
  226.22,   600.06,   602.95
  227.35,   598.87,   728.13
  224.27,   726.47,   479.52
  225.30,   724.91,   604.52
  225.81,   723.83,   729.52
  351.41,   478.56,   475.06
  352.29,   476.81,   600.23
  353.57,   474.95,   725.26
  349.99,   603.64,   476.83
  350.91,   601.86,   602.02
  352.04,   600.07,   727.09
  348.57,   728.58,   478.46
  349.78,   726.79,   603.71
  350.67,   725.17,   728.88
  100.33,   476.74,   601.83
  101.93,   479.61,   726.90
  103.41,   482.16,   851.93
  103.57,   601.66,   599.20
  105.06,   604.46,   724.22
  106.23,   606.93,   849.28
  106.80,   726.56,   596.45
  108.00,   729.40,   721.54
  108.83,   731.70,   846.59
  224.75,   473.47,   600.51
  226.71,   476.33,   725.80
  228.56,   478.83,   850.74
  228.22,   598.43,   598.00
  229.87,   601.40,   723.16
  231.44,   603.94,   848.07
  232.00,   723.23,   595.37
  233.07,   726.28,   720.35
  233.85,   729.03,   845.32
  349.58,   470.49,   599.02
  351.38,   472.81,   724.04
  353.23,   475.30,   848.95
  352.87,   595.52,   596.59
  354.52,   597.88,   721.65
  356.27,   600.35,   846.42
  356.39,   720.43,   594.06
  357.86,   722.92,   719.24
  359.13,   725.50,   843.87
  100.94,   600.97,   101.77
   98.04,   597.17,   226.66
   95.31,   593.07,   351.38
  103.99,   726.00,   105.42
  101.36,   722.17,   230.54
   98.85,   718.05,   355.12
  107.27,   850.86,   109.09
  104.46,   846.85,   234.31
  102.06,   842.82,   358.87
  225.84,   597.55,   104.44
  222.99,   593.86,   229.39
  220.38,   589.76,   354.15
  228.95,   722.59,   108.34
  226.03,   719.02,   233.20
  223.73,   714.86,   358.00
  232.03,   847.53,   112.09
  229.03,   843.83,   236.79
  226.73,   839.72,   361.59
  351.10,   593.90,   107.04
  348.33,   590.29,   231.90
  345.38,   586.78,   356.82
  353.89,   719.10,   111.12
  350.85,   715.60,   235.92
  348.21,   711.85,   360.61
  356.69,   844.14,   114.87
  353.62,   840.61,   239.66
  351.09,   836.63,   364.20
  100.63,   598.66,   226.09
  103.57,   600.29,   350.85
  106.65,   602.13,   475.79
  102.52,   723.73,   224.10
  105.68,   725.38,   348.74
  108.74,   727.09,   473.50
  104.17,   848.49,   222.00
  107.37,   850.21,   346.61
  110.53,   852.15,   471.26
  225.63,   596.81,   223.32
  228.65,   598.51,   348.13
  231.61,   600.34,   473.12
  227.22,   722.05,   221.27
  230.48,   723.70,   346.09
  233.93,   725.33,   471.08
  228.79,   846.93,   218.99
  231.98,   848.60,   343.78
  235.49,   850.36,   468.68
  351.00,   594.68,   220.34
  353.67,   596.96,   345.28
  356.38,   599.12,   470.36
  352.08,   720.08,   218.52
  354.97,   722.11,   343.21
  358.17,   724.08,   468.15
  353.44,   845.17,   216.39
  356.42,   846.97,   340.94
  359.77,   848.78,   465.77
   98.25,   600.40,   348.04
  101.08,   601.31,   473.00
  104.01,   602.69,   598.08
   99.36,   725.49,   346.89
  102.14,   726.29,   471.66
  104.86,   727.65,   596.69
  100.09,   850.32,   345.76
  102.96,   851.34,   470.41
  105.59,   852.78,   595.37
  223.35,   599.60,   345.55
  226.07,   600.46,   470.54
  228.70,   601.83,   595.74
  224.21,   724.81,   344.47
  227.42,   725.47,   469.47
  230.11,   726.68,   594.46
  224.73,   849.72,   343.13
  228.00,   850.54,   468.05
  231.01,   851.71,   592.99
  348.38,   599.05,   342.92
  350.86,   600.25,   468.02
  353.37,   601.31,   593.19
  348.71,   724.23,   341.83
  351.70,   725.23,   466.78
  354.53,   726.26,   592.00
  349.19,   849.10,   340.51
  352.32,   849.97,   465.38
  355.46,   850.99,   590.71
  101.60,   601.28,   475.93
  100.15,   601.08,   601.03
   98.32,   600.88,   726.04
  100.31,   726.27,   476.18
   98.59,   726.07,   601.23
   96.49,   725.86,   726.36
   98.78,   851.33,   476.53
   96.94,   851.18,   601.55
   94.62,   851.10,   726.79
  226.61,   602.80,   477.87
  224.85,   602.57,   603.08
  223.19,   602.62,   728.25
  225.65,   727.78,   478.39
  223.91,   727.42,   603.38
  221.63,   727.58,   728.37
  223.89,   852.85,   478.55
  222.48,   852.46,   603.49
  220.13,   852.45,   728.45
  351.39,   604.94,   479.73
  349.52,   604.37,   604.93
  347.88,   603.83,   730.00
  349.94,   729.89,   480.09
  348.38,   729.31,   605.35
  346.48,   728.93,   730.51
  348.26,   854.60,   480.30
  347.01,   854.04,   605.66
  345.18,   853.76,   730.89
   98.77,   601.74,   600.68
  102.18,   602.05,   725.69
  105.30,   602.07,   850.75
  101.99,   726.68,   600.35
  105.13,   727.02,   725.43
  107.92,   726.84,   850.47
  105.14,   851.76,   600.09
  108.05,   852.17,   725.22
  110.82,   851.72,   850.38
  223.40,   598.48,   597.49
  226.96,   599.00,   722.65
  230.48,   599.07,   847.56
  227.20,   723.30,   597.27
  230.18,   723.92,   722.25
  232.91,   724.19,   847.21
  230.53,   848.29,   596.87
  233.48,   848.74,   721.81
  235.71,   848.99,   846.76
  348.00,   595.56,   594.11
  351.57,   595.48,   719.16
  355.26,   595.48,   843.92
  351.57,   720.49,   593.98
  354.93,   720.54,   719.14
  358.14,   720.66,   843.77
  354.93,   845.21,   593.74
  358.40,   845.36,   719.03
  361.32,   845.65,   843.66
  224.29,   101.68,    98.50
  226.21,   104.14,   223.50
  228.46,   106.22,   348.48
  221.98,   226.63,    96.31
  223.87,   229.15,   221.20
  226.10,   231.16,   345.85
  219.80,   351.53,    93.95
  221.63,   353.90,   218.89
  223.56,   355.96,   343.53
  348.99,   103.95,    96.69
  350.85,   106.43,   221.67
  353.11,   108.46,   346.63
  346.84,   228.89,    94.44
  348.61,   231.28,   219.38
  350.71,   233.44,   344.20
  344.90,   353.63,    91.91
  346.95,   355.90,   216.85
  348.71,   358.32,   341.76
  473.95,   106.12,    94.79
  475.84,   108.66,   219.79
  477.78,   110.77,   344.64
  471.90,   231.10,    92.47
  473.62,   233.41,   217.49
  475.47,   235.70,   342.38
  469.90,   355.83,    89.86
  472.11,   358.04,   214.75
  473.84,   360.62,   339.87
  226.05,   101.61,   224.36
  227.46,    99.84,   349.39
  228.78,    98.21,   474.41
  228.95,   226.62,   225.84
  230.36,   224.78,   350.53
  231.71,   223.01,   475.47
  231.99,   351.35,   227.31
  233.08,   349.58,   351.99
  234.18,   347.93,   477.03
  350.73,    98.70,   223.34
  352.17,    96.87,   348.35
  353.42,    95.21,   473.22
  353.66,   223.56,   224.88
  354.94,   221.86,   349.73
  356.25,   220.22,   474.61
  357.26,   348.18,   226.13
  358.17,   346.76,   351.09
  359.10,   345.30,   476.12
  475.75,    95.74,   222.23
  476.93,    93.98,   347.14
  478.04,    92.35,   472.00
  478.63,   220.51,   223.86
  479.64,   218.94,   348.74
  480.83,   217.40,   473.57
  482.36,   345.16,   224.92
  483.23,   343.86,   350.04
  484.12,   342.47,   475.10
  226.07,    99.82,   348.63
  229.74,   101.63,   473.58
  233.14,   103.75,   598.51
  222.92,   224.76,   346.43
  226.59,   226.44,   471.31
  230.03,   228.38,   596.50
  219.54,   349.55,   344.55
  222.98,   351.33,   469.53
  226.53,   353.38,   594.83
  350.71,   102.87,   345.25
  354.31,   104.65,   470.06
  357.73,   106.74,   594.89
  347.45,   227.85,   343.27
  351.08,   229.66,   468.11
  354.69,   231.60,   593.10
  344.62,   352.71,   341.28
  347.86,   354.70,   466.27
  351.30,   356.65,   591.34
  475.34,   105.99,   341.73
  478.81,   107.82,   466.52
  482.41,   109.88,   591.40
  472.15,   230.92,   339.95
  475.64,   232.84,   464.75
  479.45,   234.80,   589.70
  469.69,   355.81,   337.89
  472.88,   357.92,   462.92
  476.32,   359.83,   587.88
  223.76,   101.07,   474.62
  225.07,    99.66,   599.61
  225.97,    98.42,   724.61
  223.90,   225.91,   475.82
  225.26,   224.31,   601.06
  226.29,   223.03,   726.36
  223.59,   350.85,   477.52
  225.08,   349.36,   602.88
  226.63,   348.05,   728.23
  348.43,   100.86,   473.23
  349.73,    99.43,   598.11
  350.93,    98.17,   723.04
  348.49,   225.90,   474.74
  350.01,   224.29,   599.77
  351.30,   222.92,   724.87
  348.53,   351.00,   476.38
  349.92,   349.38,   601.49
  351.45,   347.77,   726.57
  473.03,   100.79,   471.80
  474.48,    99.31,   596.71
  476.13,    97.89,   721.61
  473.11,   225.87,   473.51
  474.86,   224.28,   598.50
  476.59,   222.77,   723.43
  473.61,   350.99,   475.16
  475.00,   349.32,   600.15
  476.49,   347.59,   725.01
  226.98,   101.71,   599.30
  227.73,   101.99,   724.31
  228.18,   102.11,   849.58
  223.54,   226.34,   599.27
  224.44,   226.57,   724.59
  224.93,   226.98,   849.63
  219.74,   351.34,   599.60
  221.15,   351.58,   724.97
  222.30,   351.79,   849.98
  351.61,   105.08,   597.96
  352.67,   105.34,   722.92
  353.80,   105.29,   847.94
  348.24,   229.93,   598.14
  349.39,   230.06,   723.25
  350.35,   230.25,   848.24
  344.53,   354.98,   598.38
  345.92,   354.88,   723.48
  347.22,   354.95,   848.49
  476.32,   108.59,   596.73
  477.88,   108.70,   721.66
  479.63,   108.40,   846.48
  473.04,   233.52,   597.02
  474.61,   233.51,   721.96
  476.04,   233.34,   846.75
  469.56,   358.54,   597.19
  470.89,   358.31,   722.06
  472.18,   358.28,   846.92
  224.76,   227.19,    98.19
  221.13,   224.14,   223.01
  217.86,   220.61,   347.61
  226.84,   352.07,   101.42
  223.14,   348.87,   226.26
  219.54,   345.39,   350.84
  228.85,   477.03,   104.63
  225.15,   473.74,   229.54
  221.46,   470.24,   354.21
  349.55,   225.16,   101.84
  345.80,   221.98,   226.72
  342.41,   218.57,   351.47
  351.94,   349.84,   104.87
  348.37,   346.59,   229.77
  344.59,   343.45,   354.62
  354.11,   474.57,   107.95
  350.68,   471.39,   232.90
  346.74,   468.42,   357.86
  474.55,   223.06,   105.39
  470.73,   219.81,   230.41
  467.05,   216.53,   355.20
  476.93,   347.72,   108.32
  473.46,   344.45,   233.26
  469.60,   341.46,   358.30
  479.17,   472.42,   111.41
  475.88,   469.28,   236.28
  471.94,   466.49,   361.41
  223.88,   227.01,   224.25
  222.88,   228.50,   348.91
  221.80,   230.07,   473.84
  222.84,   351.79,   222.41
  221.52,   353.33,   347.07
  220.21,   354.99,   472.09
  221.78,   476.72,   220.60
  220.41,   478.24,   345.35
  218.97,   479.93,   470.37
  348.63,   228.01,   225.71
  347.50,   229.64,   350.53
  346.39,   231.33,   475.41
  348.16,   352.66,   223.65
  346.67,   354.55,   348.58
  345.16,   356.42,   473.61
  347.38,   477.50,   221.69
  345.77,   479.56,   346.72
  344.07,   481.53,   471.83
  473.65,   228.99,   227.11
  472.25,   230.77,   351.99
  471.03,   232.57,   476.85
  473.33,   353.67,   224.85
  471.80,   355.72,   349.98
  470.24,   357.70,   475.05
  472.66,   478.52,   222.79
  471.04,   480.78,   347.99
  469.31,   482.86,   473.15
  223.56,   225.43,   348.34
  220.61,   223.44,   473.23
  217.41,   221.72,   598.43
  225.31,   350.24,   350.10
  222.12,   348.35,   475.10
  219.05,   346.74,   600.41
  227.31,   475.14,   352.00
  223.96,   473.29,   477.01
  220.88,   471.85,   602.32
  348.13,   223.39,   351.84
  345.15,   221.52,   476.68
  342.11,   219.80,   601.68
  350.39,   348.30,   353.51
  347.01,   346.60,   478.50
  343.85,   344.87,   603.57
  352.60,   473.31,   355.26
  349.00,   471.72,   480.35
  345.69,   469.96,   605.48
  472.80,   221.35,   355.18
  469.71,   219.59,   479.99
  466.91,   217.90,   604.94
  475.43,   346.30,   356.80
  472.01,   344.70,   481.82
  468.87,   342.92,   606.76
  477.81,   471.36,   358.42
  474.20,   469.86,   483.55
  470.79,   467.99,   608.54
  227.12,   225.06,   473.74
  226.46,   226.66,   598.98
  225.50,   228.58,   724.29
  223.20,   349.94,   472.19
  222.66,   351.65,   597.55
  222.21,   353.58,   722.92
  219.61,   474.84,   470.70
  219.07,   476.71,   596.05
  218.85,   478.76,   721.38
  351.65,   228.65,   474.63
  351.16,   230.25,   599.67
  350.45,   232.07,   724.77
  348.11,   353.69,   473.04
  347.47,   355.29,   598.16
  346.99,   356.88,   723.25
  344.68,   478.76,   471.48
  343.89,   480.35,   596.66
  343.51,   481.85,   721.73
  476.26,   232.21,   475.37
  475.98,   233.83,   600.37
  475.68,   235.51,   725.30
  473.15,   357.29,   473.79
  472.51,   358.83,   598.79
  471.96,   360.29,   723.65
  469.89,   482.42,   472.12
  469.00,   483.89,   597.17
  468.36,   485.18,   722.09
  227.02,   226.33,   599.32
  224.33,   226.75,   724.62
  221.21,   227.36,   849.65
  223.06,   351.33,   599.35
  220.88,   351.76,   724.71
  218.43,   352.18,   849.70
  219.30,   476.40,   599.30
  217.36,   476.95,   724.61
  215.28,   477.14,   849.58
  351.70,   230.08,   601.79
  349.25,   230.41,   726.88
  346.59,   230.80,   851.86
  347.84,   355.12,   601.73
  345.63,   355.22,   726.81
  343.33,   355.50,   851.81
  344.09,   480.19,   601.68
  342.00,   480.20,   726.73
  339.97,   480.36,   851.65
  476.51,   233.82,   604.26
  474.47,   234.01,   729.17
  472.26,   234.04,   853.95
  472.86,   358.83,   604.12
  470.58,   358.79,   728.97
  468.26,   359.00,   853.83
  469.17,   483.88,   603.95
  466.81,   483.68,   728.85
  464.57,   483.91,   853.70
  223.56,   349.80,    99.79
  224.45,   349.72,   224.73
  225.45,   349.36,   349.40
  222.82,   474.83,    99.83
  223.71,   474.66,   224.84
  224.63,   474.28,   349.60
  221.96,   599.91,    99.92
  222.86,   599.87,   224.97
  224.03,   599.42,   349.82
  348.71,   350.42,    98.71
  349.77,   350.27,   223.69
  350.58,   350.26,   348.64
  348.07,   475.23,    98.63
  349.31,   475.12,   223.64
  350.00,   475.29,   348.70
  347.24,   600.34,    98.89
  348.24,   600.35,   223.83
  349.07,   600.47,   348.81
  473.75,   351.14,    97.64
  474.94,   350.96,   222.61
  475.71,   351.10,   347.75
  473.16,   475.93,    97.58
  474.58,   475.83,   222.47
  475.28,   476.17,   347.68
  472.28,   600.99,    97.97
  473.45,   601.02,   222.73
  474.17,   601.39,   347.69
  226.36,   350.31,   224.97
  226.75,   346.82,   349.60
  227.16,   343.44,   474.60
  228.48,   475.18,   228.19
  228.79,   471.68,   352.93
  229.02,   468.35,   477.96
  230.48,   600.32,   231.45
  231.04,   596.75,   356.27
  231.49,   593.33,   481.28
  351.65,   348.03,   224.48
  351.86,   344.88,   349.39
  352.08,   341.69,   474.39
  354.05,   472.82,   227.55
  354.13,   469.86,   352.58
  354.12,   466.78,   477.67
  355.85,   597.99,   230.85
  356.06,   594.99,   355.81
  356.30,   591.85,   480.92
  476.79,   345.90,   223.96
  476.94,   342.88,   349.06
  477.11,   339.79,   474.08
  479.30,   470.71,   226.93
  479.39,   467.90,   352.11
  479.38,   464.91,   477.25
  481.04,   595.85,   230.29
  481.17,   593.06,   355.23
  481.29,   590.02,   480.34
  224.15,   351.33,   349.52
  221.32,   354.86,   474.49
  218.63,   358.68,   599.78
  226.09,   476.20,   345.99
  223.13,   479.76,   470.96
  220.42,   483.72,   596.23
  228.21,   601.29,   342.48
  225.52,   604.72,   467.41
  222.75,   608.65,   592.53
  349.24,   349.58,   352.63
  346.24,   353.31,   477.58
  343.44,   357.00,   602.64
  351.40,   474.54,   348.95
  348.19,   478.38,   474.00
  345.24,   482.06,   599.10
  353.22,   599.66,   345.32
  350.28,   603.44,   470.36
  347.38,   607.07,   595.49
  474.30,   347.78,   355.62
  471.27,   351.61,   480.60
  468.49,   355.25,   605.52
  476.63,   472.79,   351.80
  473.39,   476.73,   476.90
  470.35,   480.30,   601.87
  478.29,   597.92,   348.06
  475.18,   601.82,   473.11
  472.25,   605.33,   598.24
  225.85,   351.51,   475.20
  222.60,   350.33,   600.52
  219.43,   349.37,   725.84
  222.43,   476.42,   476.53
  219.18,   475.41,   601.84
  216.25,   474.57,   727.12
  219.63,   601.38,   477.83
  216.28,   600.39,   603.00
  213.03,   599.67,   728.14
  350.72,   355.05,   478.84
  347.37,   353.75,   603.92
  344.17,   352.46,   728.97
  347.45,   480.13,   480.11
  343.96,   478.81,   605.24
  340.88,   477.43,   730.27
  344.35,   605.18,   481.34
  340.89,   603.83,   606.50
  337.64,   602.55,   731.54
  475.73,   358.43,   482.39
  472.37,   357.08,   607.34
  469.11,   355.66,   732.15
  472.61,   483.57,   483.54
  469.02,   482.13,   608.54
  465.68,   480.53,   733.41
  469.17,   608.68,   484.62
  465.71,   607.16,   609.79
  462.46,   605.54,   734.83
  226.50,   348.86,   600.42
  223.06,   351.81,   725.71
  219.38,   354.76,   850.65
  228.42,   473.94,   597.97
  225.23,   476.99,   723.21
  221.93,   479.71,   848.12
  230.88,   598.91,   595.37
  227.38,   602.07,   720.48
  223.79,   604.84,   845.36
  351.29,   347.00,   604.08
  347.82,   349.64,   729.10
  344.26,   352.45,   854.05
  353.25,   472.08,   601.63
  349.89,   474.59,   726.61
  346.60,   477.29,   851.48
  355.52,   597.12,   599.11
  352.02,   599.69,   724.12
  348.61,   602.37,   848.85
  476.31,   345.05,   607.78
  472.80,   347.57,   732.56
  469.22,   350.32,   857.36
  478.35,   470.12,   605.20
  474.73,   472.45,   730.04
  471.22,   475.23,   854.83
  480.42,   595.17,   602.65
  476.87,   597.46,   727.68
  473.44,   600.12,   852.37
  224.99,   476.96,    99.58
  222.77,   475.39,   224.56
  220.58,   473.61,   349.31
  223.87,   602.03,   101.05
  221.66,   600.59,   226.07
  219.73,   598.73,   350.90
  222.77,   727.14,   102.63
  220.49,   725.85,   227.56
  218.84,   723.91,   352.41
  350.25,   477.58,   101.49
  348.35,   476.10,   226.49
  345.92,   474.85,   351.52
  349.15,   602.69,   103.13
  347.02,   601.32,   228.05
  344.75,   600.02,   353.02
  347.74,   727.94,   104.86
  345.31,   726.72,   229.76
  343.34,   725.16,   354.49
  475.35,   478.51,   103.55
  473.62,   477.04,   228.44
  471.18,   475.99,   353.63
  474.19,   603.56,   105.33
  472.21,   602.24,   230.06
  469.81,   601.20,   355.01
  472.68,   728.82,   107.36
  470.25,   727.65,   231.99
  468.00,   726.37,   356.42
  226.71,   475.38,   224.25
  227.79,   474.47,   349.01
  228.79,   473.73,   474.06
  224.48,   600.58,   224.94
  225.81,   599.59,   349.79
  227.06,   598.73,   474.81
  222.18,   725.83,   225.61
  223.78,   724.77,   350.48
  225.51,   723.70,   475.51
  352.29,   477.22,   222.90
  353.14,   476.85,   347.96
  353.89,   476.38,   473.09
  349.84,   602.44,   223.65
  350.83,   602.02,   348.63
  351.86,   601.47,   473.75
  347.00,   727.84,   224.56
  348.26,   727.15,   349.29
  349.81,   726.41,   474.29
  477.54,   479.31,   221.58
  478.40,   479.11,   346.78
  479.14,   478.74,   471.96
  475.02,   604.49,   222.41
  475.90,   604.31,   347.35
  476.79,   603.88,   472.48
  471.94,   729.91,   223.56
  472.94,   729.48,   347.97
  474.23,   728.88,   472.91
  223.67,   474.87,   347.88
  225.76,   473.76,   472.91
  228.09,   473.05,   598.26
  224.50,   600.00,   348.99
  226.83,   598.78,   474.00
  229.07,   598.07,   599.21
  225.26,   725.20,   350.01
  228.08,   723.79,   475.02
  230.36,   722.94,   600.02
  349.03,   474.45,   345.73
  350.87,   473.62,   470.84
  352.96,   472.62,   595.99
  349.53,   599.63,   346.73
  351.63,   598.74,   471.84
  353.76,   597.70,   597.02
  349.75,   724.80,   347.73
  352.37,   723.71,   472.70
  354.80,   722.66,   597.94
  474.30,   473.91,   343.46
  476.12,   473.19,   468.62
  478.12,   472.10,   593.66
  474.63,   599.13,   344.36
  476.59,   598.36,   469.47
  478.70,   597.19,   594.64
  474.47,   724.33,   345.31
  476.82,   723.39,   470.23
  479.32,   722.23,   595.60
  225.06,   475.34,   475.73
  224.62,   476.01,   601.10
  224.50,   476.82,   726.42
  228.86,   600.33,   475.46
  228.31,   600.99,   600.69
  227.88,   601.91,   725.88
  232.80,   725.30,   475.14
  232.31,   725.81,   600.15
  231.27,   726.83,   725.16
  350.13,   472.47,   476.46
  349.45,   472.84,   601.64
  349.17,   473.11,   726.70
  353.62,   597.55,   476.11
  352.96,   597.87,   601.32
  352.54,   598.20,   726.40
  357.05,   722.49,   475.62
  356.71,   722.80,   600.89
  356.07,   723.26,   726.08
  475.35,   469.30,   477.05
  474.58,   469.57,   602.10
  474.03,   469.67,   727.02
  478.56,   594.43,   476.55
  477.88,   594.62,   601.75
  477.40,   594.67,   726.84
  481.52,   719.42,   475.95
  481.22,   719.63,   601.36
  480.96,   719.79,   726.75
  222.85,   475.93,   601.97
  219.83,   474.38,   727.23
  216.67,   472.47,   852.15
  219.48,   600.89,   603.81
  216.14,   599.47,   728.93
  212.69,   597.55,   853.83
  216.37,   725.69,   605.50
  212.39,   724.39,   730.43
  208.14,   722.60,   855.42
  347.62,   479.80,   605.48
  344.45,   477.71,   730.48
  341.33,   475.80,   855.36
  344.07,   604.80,   607.41
  340.73,   602.80,   732.44
  337.48,   600.87,   857.16
  340.79,   729.67,   609.23
  337.15,   727.85,   734.32
  333.29,   726.04,   858.87
  472.67,   483.57,   608.89
  469.23,   481.28,   733.75
  465.90,   479.47,   858.55
  468.88,   608.58,   610.82
  465.54,   606.26,   735.85
  462.28,   604.35,   860.50
  465.22,   733.55,   612.73
  462.03,   731.38,   738.03
  458.69,   729.37,   862.43
  226.23,   599.58,    99.78
  226.84,   602.21,   224.80
  227.73,   604.44,   349.64
  225.12,   724.64,    97.31
  225.62,   727.46,   222.26
  226.75,   729.62,   347.11
  224.06,   849.62,    94.77
  224.38,   852.30,   219.48
  225.41,   854.49,   344.29
  351.51,   600.28,    99.01
  352.22,   602.96,   223.93
  352.75,   605.76,   348.88
  350.12,   725.46,    96.69
  350.47,   728.35,   221.63
  351.25,   730.88,   346.33
  348.80,   850.46,    94.04
  349.08,   853.39,   218.95
  349.93,   855.70,   343.54
  476.54,   601.20,    98.36
  477.41,   603.91,   223.10
  477.83,   606.93,   348.02
  475.09,   726.38,    96.32
  475.44,   729.30,   221.05
  475.96,   732.09,   345.42
  473.97,   851.45,    93.76
  474.10,   854.37,   218.53
  474.68,   856.84,   342.71
  224.71,   599.69,   227.15
  224.34,   598.69,   352.00
  223.89,   597.82,   477.03
  226.73,   724.94,   227.82
  226.64,   723.87,   352.70
  226.67,   722.81,   477.73
  228.72,   849.80,   228.26
  228.56,   848.78,   353.12
  228.71,   847.86,   478.07
  350.08,   597.21,   227.53
  349.36,   596.78,   352.52
  348.68,   596.22,   477.66
  351.58,   722.60,   228.43
  351.14,   721.92,   353.18
  350.98,   721.18,   478.20
  353.39,   847.67,   229.00
  353.03,   846.77,   353.61
  353.04,   845.91,   478.56
  475.29,   594.92,   227.94
  474.46,   594.74,   352.93
  473.64,   594.30,   478.08
  476.57,   720.33,   229.06
  475.86,   719.92,   353.52
  475.43,   719.31,   478.51
  478.35,   845.45,   229.81
  477.70,   844.71,   354.02
  477.45,   843.92,   478.88
  225.46,   599.50,   350.36
  222.67,   598.62,   475.35
  219.81,   598.26,   600.55
  222.29,   724.65,   350.96
  219.99,   723.57,   475.96
  217.15,   723.08,   600.93
  218.76,   849.52,   351.30
  216.56,   848.60,   476.21
  214.01,   848.09,   601.11
  350.41,   603.06,   353.25
  347.41,   602.48,   478.35
  344.43,   601.79,   603.53
  346.73,   728.16,   353.82
  344.27,   727.39,   478.81
  341.59,   726.69,   604.02
  343.18,   852.96,   354.15
  340.87,   852.09,   479.09
  338.51,   851.40,   604.41
  475.40,   606.50,   356.02
  472.26,   606.03,   481.13
  469.28,   605.18,   606.31
  471.33,   731.63,   356.52
  468.60,   731.00,   481.48
  466.03,   730.18,   606.89
  467.81,   856.33,   356.91
  465.23,   855.52,   481.78
  462.86,   854.85,   607.36
  224.30,   600.31,   473.43
  223.21,   602.43,   598.64
  222.20,   604.83,   723.80
  221.86,   725.26,   471.61
  220.82,   727.22,   596.59
  219.21,   729.73,   721.56
  218.65,   850.29,   469.42
  217.91,   852.23,   594.34
  216.28,   854.56,   719.28
  349.07,   603.95,   474.59
  347.87,   605.73,   599.78
  346.86,   607.55,   724.87
  346.16,   728.85,   472.61
  345.27,   730.62,   597.84
  344.03,   732.59,   723.01
  342.99,   853.55,   470.46
  342.41,   855.31,   595.78
  341.28,   857.35,   721.02
  473.97,   607.26,   475.53
  472.75,   608.91,   600.73
  471.73,   610.41,   725.84
  470.54,   732.22,   473.44
  469.73,   733.90,   598.85
  468.92,   735.54,   724.25
  467.40,   856.74,   471.31
  466.80,   858.52,   596.85
  466.12,   860.39,   722.54
  225.79,   599.08,   599.82
  228.63,   599.15,   724.99
  231.41,   598.77,   849.91
  225.99,   723.94,   600.13
  228.22,   724.12,   725.12
  230.21,   723.93,   850.10
  225.70,   848.97,   600.24
  227.88,   848.99,   725.20
  229.35,   848.76,   850.19
  350.47,   599.78,   597.17
  353.30,   599.26,   722.23
  356.24,   598.82,   847.00
  350.44,   724.74,   597.58
  353.05,   724.37,   722.75
  355.49,   724.05,   847.37
  350.19,   849.48,   597.88
  352.89,   849.21,   723.15
  355.03,   849.07,   847.77
  475.39,   600.37,   594.31
  478.18,   599.56,   719.40
  481.10,   599.08,   844.17
  474.93,   725.41,   594.77
  477.94,   724.72,   720.14
  480.88,   724.18,   844.82
  474.57,   850.13,   595.12
  477.74,   849.68,   720.80
  480.59,   849.24,   845.52
  348.43,    98.86,    98.14
  349.24,   101.24,   223.14
  350.42,   103.17,   348.13
  351.79,   223.79,    95.96
  352.48,   226.08,   220.91
  353.50,   228.14,   345.74
  355.40,   348.50,    93.45
  356.36,   350.67,   218.41
  357.04,   353.01,   343.35
  473.38,    95.51,    97.41
  474.25,    97.96,   222.39
  475.14,    99.97,   347.29
  476.83,   220.49,    95.17
  477.45,   222.71,   220.23
  478.21,   224.90,   345.11
  480.39,   345.20,    92.60
  481.46,   347.34,   217.53
  482.11,   349.79,   342.65
  598.59,    92.06,    96.51
  599.40,    94.61,   221.42
  600.03,    96.89,   346.40
  602.05,   217.25,    94.28
  602.57,   219.59,   219.31
  603.13,   221.68,   344.07
  605.36,   342.10,    91.85
  606.28,   344.35,   216.76
  607.06,   346.46,   341.60
  350.57,    99.44,   223.44
  351.13,    95.63,   348.41
  351.48,    91.99,   473.26
  351.22,   224.29,   226.97
  351.61,   220.61,   351.78
  352.04,   216.99,   476.63
  352.52,   348.91,   230.23
  352.53,   345.50,   355.14
  352.57,   342.05,   480.14
  475.61,    98.75,   223.27
  475.90,    95.02,   348.12
  476.14,    91.42,   472.94
  476.24,   223.51,   226.86
  476.34,   219.97,   351.71
  476.65,   216.45,   476.52
  477.68,   348.16,   229.93
  477.63,   344.89,   355.02
  477.63,   341.53,   480.05
  600.79,    98.01,   222.87
  600.81,    94.54,   347.81
  601.09,    90.98,   472.86
  601.39,   222.97,   226.50
  601.30,   219.33,   351.23
  601.59,   215.76,   476.12
  602.56,   347.73,   229.69
  602.65,   344.13,   354.53
  602.80,   340.62,   479.54
  350.82,   100.10,   350.63
  351.80,   103.12,   475.46
  352.62,   106.46,   600.32
  353.59,   225.06,   347.33
  354.63,   228.11,   472.19
  355.63,   231.29,   597.19
  356.84,   349.92,   344.02
  357.48,   353.15,   469.02
  358.32,   356.32,   594.10
  475.55,    97.18,   349.81
  476.39,   100.24,   474.64
  477.34,   103.55,   599.53
  478.30,   222.10,   346.73
  479.23,   225.25,   471.54
  480.46,   228.45,   596.51
  481.91,   346.98,   343.35
  482.53,   350.30,   468.38
  483.40,   353.44,   593.36
  600.44,    94.38,   348.97
  601.30,    97.48,   474.00
  602.40,   100.69,   598.93
  603.23,   219.16,   345.71
  604.15,   222.23,   470.58
  605.45,   225.54,   595.74
  606.87,   343.93,   342.33
  607.67,   347.05,   467.31
  608.58,   350.35,   592.54
  349.54,    98.40,   476.56
  349.03,    95.49,   601.42
  348.42,    92.75,   726.31
  351.13,   223.40,   479.58
  350.87,   220.30,   604.59
  350.35,   217.45,   729.66
  352.70,   348.47,   482.73
  352.32,   345.35,   607.81
  352.05,   342.25,   732.86
  474.16,    96.77,   476.88
  473.79,    93.80,   601.76
  473.61,    90.87,   726.62
  475.75,   221.81,   480.09
  475.72,   218.73,   605.06
  475.67,   215.73,   729.96
  477.77,   346.89,   483.25
  477.40,   343.72,   608.22
  477.11,   340.50,   733.04
  599.09,    95.27,   477.40
  598.92,    92.19,   602.32
  598.96,    89.23,   727.14
  600.69,   220.05,   480.30
  600.73,   217.10,   605.46
  600.83,   214.21,   730.42
  602.94,   344.91,   483.37
  602.59,   341.93,   608.60
  602.24,   338.94,   733.64
  349.01,   100.94,   598.43
  348.11,   101.94,   723.39
  347.26,   102.62,   848.44
  346.40,   225.79,   597.83
  345.58,   226.65,   722.95
  344.55,   227.59,   847.95
  343.42,   350.85,   597.28
  342.85,   351.50,   722.40
  342.18,   352.30,   847.42
  473.75,   103.71,   599.13
  473.32,   104.54,   724.06
  473.12,   104.97,   848.90
  471.22,   228.65,   598.65
  470.82,   229.38,   723.59
  470.27,   229.95,   848.39
  468.46,   353.68,   598.04
  467.84,   354.19,   722.91
  467.17,   354.90,   847.79
  598.81,   106.53,   600.02
  598.59,   107.36,   724.91
  598.31,   107.70,   849.67
  596.22,   231.43,   599.39
  595.97,   232.26,   724.41
  595.48,   232.52,   849.13
  593.66,   356.30,   598.75
  592.94,   357.02,   723.83
  592.15,   357.58,   848.54
  351.30,   225.70,   100.13
  347.48,   226.22,   225.04
  343.99,   226.51,   349.83
  348.60,   350.42,    99.32
  344.98,   350.85,   224.25
  341.12,   351.40,   349.13
  345.63,   475.20,    98.57
  342.18,   475.67,   223.54
  338.19,   476.38,   348.53
  476.29,   228.78,   103.78
  472.42,   229.21,   228.82
  468.65,   229.65,   353.67
  473.57,   353.46,   102.88
  470.09,   353.87,   227.82
  466.17,   354.59,   352.92
  470.68,   478.21,   102.16
  467.39,   478.70,   227.02
  463.38,   479.63,   352.19
  601.46,   231.96,   107.35
  597.47,   232.44,   232.35
  593.53,   232.78,   357.09
  598.47,   356.77,   106.60
  594.90,   357.21,   231.48
  591.12,   357.63,   356.35
  595.38,   481.58,   106.00
  592.06,   482.10,   230.76
  588.39,   482.66,   355.66
  349.56,   225.26,   225.36
  350.57,   227.99,   350.17
  351.60,   230.79,   475.04
  346.48,   349.85,   222.24
  347.15,   352.83,   347.15
  347.78,   355.81,   472.16
  343.10,   474.61,   219.21
  343.64,   477.76,   344.22
  344.09,   480.84,   469.31
  474.54,   228.81,   224.55
  475.29,   231.68,   349.42
  476.20,   234.60,   474.25
  471.62,   353.41,   221.22
  472.24,   356.56,   346.33
  472.83,   359.65,   471.38
  468.35,   478.18,   218.10
  468.88,   481.54,   343.27
  469.29,   484.74,   468.42
  599.65,   232.60,   223.50
  600.22,   235.37,   348.24
  601.13,   238.21,   473.13
  596.46,   357.32,   220.31
  597.23,   360.16,   345.18
  597.99,   363.07,   470.19
  593.02,   482.15,   217.29
  593.89,   485.13,   342.17
  594.59,   488.12,   467.21
  351.43,   224.06,   350.62
  352.78,   227.13,   475.47
  354.09,   230.34,   600.48
  353.82,   348.93,   347.28
  354.77,   352.19,   472.28
  355.93,   355.38,   597.36
  356.16,   473.90,   344.03
  356.91,   477.27,   469.12
  357.90,   480.45,   594.25
  476.15,   221.93,   349.69
  477.39,   225.11,   474.50
  478.93,   228.34,   599.47
  478.91,   346.83,   346.29
  479.84,   350.18,   471.32
  481.02,   353.34,   596.29
  481.42,   471.83,   342.89
  482.16,   475.30,   468.03
  483.07,   478.40,   593.05
  601.08,   219.82,   348.35
  602.32,   222.92,   473.22
  603.93,   226.26,   598.37
  603.89,   344.62,   344.94
  604.99,   347.77,   469.93
  606.22,   351.09,   595.15
  606.43,   469.59,   341.60
  607.49,   472.80,   466.62
  608.42,   476.07,   591.87
  351.86,   223.12,   476.72
  355.15,   220.25,   601.69
  358.22,   217.61,   726.72
  353.63,   348.19,   479.59
  356.81,   345.30,   604.63
  360.09,   342.42,   729.63
  355.53,   473.29,   482.49
  358.55,   470.37,   607.58
  361.95,   467.34,   732.53
  476.43,   221.41,   473.67
  479.95,   218.56,   598.60
  483.49,   215.79,   723.48
  478.66,   346.49,   476.54
  481.84,   343.56,   601.48
  485.12,   340.57,   726.28
  480.75,   471.63,   479.33
  483.68,   468.61,   604.31
  486.81,   465.45,   729.14
  601.31,   219.54,   470.31
  604.90,   216.80,   595.43
  608.56,   214.17,   720.40
  603.78,   344.40,   473.08
  607.00,   341.63,   598.28
  610.20,   338.91,   723.35
  606.07,   469.44,   475.84
  608.98,   466.62,   601.08
  611.80,   463.81,   726.24
  350.70,   222.90,   598.21
  351.94,   222.96,   723.32
  352.99,   223.07,   848.30
  351.09,   348.00,   598.49
  352.56,   347.83,   723.57
  353.94,   347.82,   848.58
  351.59,   473.12,   598.77
  353.17,   472.82,   723.82
  354.81,   472.70,   848.75
  475.53,   222.38,   596.99
  477.22,   222.31,   721.94
  478.77,   222.05,   846.72
  476.17,   347.44,   597.20
  477.61,   347.15,   722.07
  479.00,   347.03,   846.92
  476.77,   472.55,   597.36
  478.08,   472.08,   722.27
  479.49,   472.00,   847.13
  600.53,   221.80,   595.68
  602.36,   221.85,   720.71
  603.96,   221.31,   845.43
  601.38,   346.68,   595.86
  602.74,   346.64,   720.97
  604.02,   346.35,   845.70
  602.11,   471.73,   595.98
  603.12,   471.60,   721.19
  604.33,   471.52,   845.96
  349.76,   350.40,   100.80
  349.67,   349.57,   225.78
  349.32,   348.87,   350.73
  346.40,   475.16,   101.39
  346.45,   474.38,   226.41
  345.98,   473.84,   351.46
  342.82,   600.23,   102.32
  342.65,   599.56,   227.28
  342.34,   598.97,   352.26
  474.77,   353.85,   100.88
  474.81,   352.99,   225.87
  474.41,   352.45,   351.02
  471.47,   478.58,   101.50
  471.70,   477.82,   226.41
  471.22,   477.48,   351.63
  467.83,   603.60,   102.58
  467.82,   602.97,   227.35
  467.37,   602.65,   352.31
  599.71,   357.55,   101.12
  599.65,   356.75,   226.05
  599.40,   355.89,   350.95
  596.19,   482.35,   101.87
  596.39,   481.62,   226.69
  596.26,   480.89,   351.61
  592.53,   607.23,   102.89
  592.61,   606.67,   227.64
  592.48,   606.05,   352.32
  348.34,   349.88,   225.18
  349.33,   346.52,   350.07
  350.33,   343.12,   475.07
  345.21,   474.65,   228.51
  346.08,   471.45,   353.51
  346.87,   468.15,   478.59
  341.49,   599.79,   232.06
  342.53,   596.53,   357.00
  343.57,   593.16,   482.09
  473.49,   353.24,   224.00
  474.41,   350.04,   349.10
  475.35,   346.75,   474.13
  470.46,   478.03,   227.24
  471.32,   475.03,   352.41
  472.08,   471.84,   477.54
  466.65,   603.15,   230.87
  467.55,   600.16,   355.79
  468.48,   596.91,   480.89
  598.33,   356.95,   222.92
  599.40,   353.43,   347.77
  600.49,   349.97,   472.77
  595.15,   481.78,   226.25
  596.35,   478.39,   351.12
  597.39,   475.00,   476.17
  591.45,   606.79,   229.89
  592.67,   603.51,   354.53
  593.80,   600.11,   479.49
  348.14,   348.70,   348.28
  349.60,   351.78,   473.28
  351.27,   354.82,   598.37
  348.48,   473.68,   345.21
  349.74,   476.88,   470.30
  351.25,   479.91,   595.44
  348.48,   598.83,   342.20
  350.01,   601.96,   467.28
  351.56,   604.95,   592.44
  473.25,   348.58,   346.74
  474.68,   351.76,   471.77
  476.35,   354.75,   596.74
  473.76,   473.60,   343.54
  475.00,   476.91,   468.67
  476.42,   479.84,   593.69
  473.59,   598.77,   340.42
  474.96,   602.04,   465.50
  476.49,   604.90,   590.65
  598.26,   348.33,   344.86
  599.85,   351.34,   469.85
  601.57,   354.48,   595.06
  598.81,   473.33,   341.70
  600.34,   476.40,   466.72
  601.77,   479.49,   591.95
  598.73,   598.48,   338.62
  600.34,   601.56,   463.52
  601.83,   604.55,   588.79
  351.49,   351.79,   474.75
  353.07,   354.12,   599.85
  354.79,   356.45,   724.90
  351.67,   476.90,   472.47
  353.09,   479.23,   597.62
  354.90,   481.43,   722.64
  351.98,   602.00,   470.14
  353.43,   604.28,   595.32
  355.09,   606.55,   720.39
  476.57,   351.73,   473.33
  478.15,   354.02,   598.32
  479.82,   356.23,   723.16
  476.93,   476.89,   470.93
  478.26,   479.12,   595.97
  479.81,   481.16,   720.86
  476.93,   602.04,   468.46
  478.37,   604.20,   593.63
  480.00,   606.20,   718.73
  601.75,   351.27,   471.50
  603.37,   353.72,   596.73
  604.94,   356.18,   721.83
  602.28,   476.35,   469.08
  603.61,   478.74,   594.33
  604.85,   481.13,   719.54
  602.32,   601.53,   466.57
  603.71,   603.82,   591.87
  605.02,   606.11,   717.21
  348.21,   351.10,   598.77
  347.85,   352.51,   723.86
  347.41,   354.08,   848.88
  349.67,   476.21,   597.49
  349.42,   477.50,   722.55
  349.23,   478.95,   847.47
  351.47,   601.27,   596.14
  351.06,   602.62,   721.23
  350.75,   604.06,   846.02
  473.29,   349.59,   599.34
  472.88,   350.88,   724.20
  472.43,   352.35,   849.06
  474.84,   474.69,   597.93
  474.32,   475.79,   722.84
  473.91,   477.29,   847.70
  476.40,   599.77,   596.55
  475.96,   600.83,   721.65
  475.64,   602.23,   846.44
  598.49,   347.89,   599.86
  598.01,   349.40,   724.95
  597.45,   350.70,   849.65
  600.18,   472.91,   598.41
  599.35,   474.34,   723.60
  598.74,   475.85,   848.36
  601.73,   597.98,   596.89
  600.96,   599.34,   722.23
  600.51,   600.83,   847.20
  350.92,   473.63,    99.43
  354.02,   470.76,   224.38
  356.55,   468.18,   349.38
  352.52,   598.69,   102.40
  355.39,   595.94,   227.27
  358.05,   593.33,   352.21
  353.78,   723.92,   105.49
  356.33,   721.31,   230.34
  359.26,   718.45,   355.02
  475.95,   472.00,    96.50
  479.24,   469.12,   221.32
  481.79,   466.69,   346.47
  477.51,   596.99,    99.59
  480.57,   594.27,   224.28
  483.15,   591.86,   349.19
  478.74,   722.19,   102.96
  481.30,   719.65,   227.57
  483.99,   717.04,   351.95
  600.69,   470.67,    93.80
  603.89,   467.88,   218.56
  606.79,   465.01,   343.38
  602.19,   595.55,    96.82
  605.32,   592.91,   221.54
  608.27,   590.15,   346.14
  603.72,   720.53,   100.12
  606.42,   718.11,   224.77
  609.23,   715.37,   348.91
  349.45,   476.27,   225.95
  349.15,   479.76,   350.96
  348.77,   483.15,   476.06
  349.40,   601.45,   222.81
  349.23,   604.90,   347.75
  349.14,   608.21,   472.84
  348.94,   726.83,   219.84
  349.02,   730.02,   344.53
  349.44,   733.14,   469.47
  474.74,   475.97,   225.77
  474.44,   479.65,   350.94
  474.03,   483.14,   476.08
  474.61,   601.12,   222.70
  474.32,   604.81,   347.61
  474.06,   608.26,   472.70
  473.93,   726.51,   219.98
  473.75,   729.96,   344.35
  473.87,   733.23,   469.23
  599.46,   476.05,   225.87
  599.51,   479.31,   350.73
  599.40,   482.60,   475.78
  599.43,   601.10,   222.82
  599.50,   604.47,   347.45
  599.46,   607.74,   472.37
  599.09,   726.30,   220.05
  598.98,   729.69,   344.19
  599.13,   732.87,   468.92
  348.76,   476.87,   351.20
  351.18,   475.29,   476.30
  353.87,   473.54,   601.43
  345.66,   602.00,   353.03
  348.36,   600.34,   478.12
  351.06,   598.56,   603.28
  342.34,   727.10,   354.84
  345.55,   725.25,   479.81
  348.53,   723.47,   605.03
  473.99,   479.97,   348.40
  476.39,   478.49,   473.55
  478.98,   476.64,   598.56
  470.68,   605.14,   350.12
  473.24,   603.61,   475.22
  475.95,   601.68,   600.38
  466.94,   730.28,   351.88
  469.90,   728.57,   476.81
  473.00,   726.67,   602.18
  599.00,   482.86,   345.44
  601.69,   481.16,   470.47
  604.27,   479.47,   595.72
  595.78,   608.03,   347.19
  598.56,   606.32,   472.12
  601.21,   604.53,   597.41
  592.06,   733.24,   348.95
  595.04,   731.44,   473.72
  598.05,   729.55,   599.08
  347.98,   477.04,   473.71
  350.39,   475.02,   598.85
  353.19,   472.89,   723.87
  348.90,   602.13,   475.73
  351.34,   600.08,   600.90
  354.00,   598.01,   725.94
  349.81,   727.09,   477.61
  352.54,   725.02,   602.83
  354.97,   723.11,   727.98
  473.22,   476.50,   471.18
  475.54,   474.38,   596.20
  478.08,   472.08,   721.08
  473.83,   601.65,   473.04
  476.26,   599.45,   598.20
  478.88,   597.10,   723.27
  474.22,   726.65,   474.82
  477.05,   724.47,   600.19
  479.88,   722.24,   725.54
  598.55,   475.43,   468.33
  600.87,   473.46,   593.57
  603.11,   471.50,   718.75
  599.20,   600.60,   470.16
  601.57,   598.54,   595.45
  603.87,   596.49,   720.76
  599.46,   725.75,   471.94
  602.17,   723.59,   597.30
  604.86,   721.46,   722.78
  348.43,   473.35,   601.79
  345.66,   471.65,   726.82
  342.94,   470.13,   851.72
  346.42,   598.40,   603.39
  343.50,   596.77,   728.44
  340.68,   595.23,   853.19
  344.70,   723.32,   604.88
  341.50,   721.86,   729.99
  338.11,   720.44,   854.58
  473.54,   475.57,   604.78
  470.50,   473.68,   729.64
  467.57,   472.23,   854.47
  471.31,   600.63,   606.35
  468.36,   598.70,   731.40
  465.50,   597.15,   856.10
  469.18,   725.65,   607.92
  466.41,   723.85,   733.23
  463.51,   722.21,   857.72
  598.81,   477.56,   607.81
  595.45,   475.98,   732.93
  592.35,   474.52,   857.60
  596.55,   602.62,   609.26
  593.29,   600.96,   734.53
  590.36,   599.47,   859.37
  594.22,   727.66,   610.70
  591.36,   725.92,   736.18
  588.53,   724.28,   861.02
  348.49,   599.26,   101.85
  346.04,   600.46,   226.78
  343.43,   601.73,   351.74
  349.01,   724.50,   101.05
  346.24,   725.86,   225.96
  343.91,   726.88,   350.69
  349.58,   849.55,    99.92
  346.76,   850.93,   224.80
  344.50,   851.73,   349.40
  473.53,   598.28,   104.35
  471.24,   599.51,   229.11
  468.49,   601.04,   354.06
  473.96,   723.52,   103.86
  471.19,   724.93,   228.52
  468.59,   726.22,   352.94
  474.71,   848.63,   102.85
  471.71,   850.03,   227.53
  469.17,   850.99,   351.73
  598.25,   597.58,   106.93
  596.06,   598.85,   231.65
  593.65,   600.07,   356.33
  598.96,   722.61,   106.40
  596.31,   724.10,   231.01
  593.78,   725.32,   355.21
  599.89,   847.80,   105.38
  596.99,   849.13,   230.05
  594.30,   850.25,   354.11
  348.58,   600.93,   226.59
  346.35,   597.48,   351.51
  344.14,   593.90,   476.58
  347.10,   726.29,   230.46
  345.18,   722.58,   355.15
  343.51,   718.82,   480.11
  345.98,   851.29,   233.96
  344.12,   847.38,   358.55
  342.65,   843.53,   483.47
  473.77,   601.56,   228.57
  471.42,   598.36,   353.48
  469.09,   594.92,   478.56
  472.05,   726.94,   232.66
  469.85,   723.50,   357.04
  467.93,   719.89,   481.99
  470.93,   851.98,   236.30
  468.77,   848.23,   360.49
  467.01,   844.45,   485.35
  598.58,   602.48,   230.78
  596.58,   598.97,   355.39
  594.45,   595.37,   480.34
  597.18,   727.70,   234.80
  595.06,   724.18,   358.95
  593.14,   720.48,   483.77
  596.20,   852.66,   238.46
  593.90,   849.06,   362.50
  592.04,   845.32,   487.22
  351.16,   598.84,   350.20
  352.76,   596.62,   475.30
  354.38,   594.25,   600.48
  353.01,   723.97,   352.49
  355.12,   721.56,   477.47
  357.04,   719.18,   602.71
  355.01,   848.78,   354.55
  357.28,   846.26,   479.48
  359.53,   843.90,   604.85
  476.25,   596.72,   348.29
  477.72,   594.62,   473.40
  479.32,   592.11,   598.56
  477.73,   721.89,   350.52
  479.58,   719.62,   475.46
  481.58,   717.12,   600.83
  479.68,   846.66,   352.65
  481.69,   844.21,   477.48
  483.94,   841.87,   603.02
  601.39,   594.35,   346.34
  603.10,   592.06,   471.29
  604.65,   589.71,   596.59
  602.96,   719.58,   348.58
  604.87,   717.20,   473.36
  606.74,   714.73,   598.73
  604.84,   844.53,   350.83
  606.78,   842.11,   475.47
  608.92,   839.72,   600.86
  351.15,   601.00,   473.29
  353.94,   603.31,   598.45
  356.94,   605.62,   723.49
  351.27,   725.95,   470.80
  354.38,   728.25,   596.01
  357.18,   730.70,   721.17
  351.16,   850.67,   468.15
  354.57,   852.96,   593.46
  357.50,   855.50,   718.73
  476.09,   601.16,   470.27
  478.86,   603.35,   595.42
  481.83,   605.38,   720.49
  475.69,   726.17,   467.67
  478.86,   728.37,   593.01
  482.06,   730.52,   718.39
  475.58,   850.75,   465.03
  478.97,   853.06,   590.50
  482.33,   855.43,   716.18
  601.45,   600.77,   467.05
  604.18,   603.09,   592.31
  606.82,   605.43,   717.63
  600.94,   725.93,   464.47
  604.00,   728.15,   589.78
  607.05,   730.39,   715.25
  600.63,   850.82,   461.94
  603.92,   853.12,   587.25
  607.28,   855.36,   712.97
  349.87,   598.73,   599.51
  353.27,   598.75,   724.55
  356.78,   598.84,   849.30
  347.24,   723.65,   599.45
  350.40,   723.82,   724.60
  353.40,   724.05,   849.21
  344.40,   848.36,   599.29
  347.63,   848.64,   724.52
  350.30,   849.04,   849.12
  474.74,   601.92,   596.09
  478.11,   601.65,   721.16
  481.59,   601.72,   845.91
  471.68,   726.93,   596.08
  475.26,   726.78,   721.44
  478.76,   726.78,   846.09
  468.72,   851.60,   595.97
  472.44,   851.69,   721.63
  475.82,   851.80,   846.33
  600.00,   604.83,   592.59
  603.06,   604.85,   717.91
  606.39,   605.01,   842.88
  596.71,   729.87,   592.46
  600.18,   729.80,   717.95
  603.68,   729.83,   843.01
  593.57,   854.79,   592.35
  597.34,   854.75,   718.09
  600.92,   854.77,   843.11
  476.24,   100.41,   101.14
  478.13,    98.78,   226.11
  480.04,    96.74,   350.99
  476.71,   225.42,   102.94
  478.36,   223.58,   228.02
  480.10,   221.72,   352.88
  477.38,   350.13,   104.41
  479.40,   348.26,   229.39
  481.00,   346.69,   354.50
  601.50,    99.99,    99.18
  603.28,    98.46,   224.09
  604.93,    96.68,   349.06
  601.97,   225.21,   100.99
  603.50,   223.46,   226.02
  605.06,   221.50,   350.77
  602.34,   350.08,   102.62
  604.26,   348.26,   227.53
  606.01,   346.34,   352.38
  726.66,    99.53,    97.10
  728.37,    98.14,   221.99
  730.00,    96.62,   347.24
  726.96,   225.02,    98.92
  728.51,   223.42,   223.83
  730.21,   221.18,   348.54
  727.17,   350.19,   100.88
  728.89,   348.38,   225.68
  730.91,   345.82,   350.11
  472.78,   100.30,   224.60
  475.43,   100.68,   349.47
  478.05,   101.20,   474.31
  473.99,   225.10,   224.04
  476.50,   225.67,   348.91
  479.18,   226.28,   473.74
  475.99,   349.78,   222.96
  478.37,   350.63,   348.07
  480.75,   351.40,   473.12
  597.93,    98.98,   221.83
  600.31,    99.62,   346.79
  602.96,   100.17,   471.83
  599.12,   223.98,   221.31
  601.43,   224.45,   346.07
  604.11,   224.99,   470.95
  600.84,   348.79,   220.37
  603.35,   349.30,   345.22
  605.90,   349.89,   470.23
  723.01,    97.65,   218.98
  725.37,    98.55,   344.21
  728.15,    99.20,   469.42
  724.12,   222.95,   218.40
  726.54,   223.15,   343.09
  729.33,   223.52,   468.13
  725.44,   347.94,   217.81
  728.21,   347.82,   342.23
  731.02,   348.10,   467.14
  473.76,   101.24,   348.66
  470.63,   100.80,   473.47
  467.55,   100.60,   598.36
  470.88,   226.20,   349.00
  467.80,   225.85,   473.83
  465.01,   225.55,   598.79
  468.79,   351.14,   349.08
  465.37,   350.96,   474.12
  462.22,   350.58,   599.09
  598.57,   104.13,   351.74
  595.46,   103.72,   476.75
  592.58,   103.44,   601.69
  595.78,   228.94,   351.93
  592.69,   228.54,   476.83
  589.97,   228.35,   601.98
  593.75,   353.79,   352.02
  590.50,   353.46,   477.06
  587.37,   353.23,   602.25
  723.59,   107.03,   354.92
  720.62,   106.66,   480.10
  717.86,   106.27,   605.04
  720.86,   231.55,   354.70
  717.88,   231.03,   479.77
  715.04,   231.08,   605.14
  718.61,   356.22,   354.77
  715.62,   355.65,   479.76
  712.46,   355.84,   605.34
  475.88,    99.07,   474.61
  478.19,   101.04,   599.51
  480.74,   103.07,   724.41
  472.39,   224.10,   472.93
  474.99,   225.96,   597.91
  477.58,   227.88,   722.82
  469.32,   349.17,   471.20
  471.57,   350.96,   596.18
  473.91,   352.67,   721.02
  600.72,   102.64,   472.45
  603.23,   104.51,   597.41
  605.97,   106.54,   722.27
  597.27,   227.41,   470.48
  599.94,   229.37,   595.64
  602.66,   231.43,   720.66
  594.45,   352.30,   468.67
  596.72,   354.21,   593.88
  598.97,   356.15,   718.96
  725.87,   106.22,   470.34
  728.50,   107.96,   595.30
  731.13,   109.98,   720.20
  722.46,   230.52,   467.96
  725.02,   232.67,   593.32
  727.42,   235.13,   718.58
  719.56,   355.10,   465.90
  721.82,   357.37,   591.45
  723.83,   359.98,   717.13
  475.38,    98.01,   601.18
  472.79,    96.75,   726.05
  470.48,    95.08,   850.87
  478.04,   222.96,   602.87
  475.53,   221.61,   727.77
  472.87,   220.06,   852.52
  480.45,   347.97,   604.42
  477.71,   346.40,   729.25
  474.91,   345.04,   854.07
  600.45,    95.64,   604.19
  598.07,    94.35,   729.02
  595.63,    92.65,   853.78
  603.01,   220.56,   605.73
  600.66,   219.32,   730.69
  598.06,   217.40,   855.35
  605.61,   345.41,   607.25
  602.79,   344.07,   732.30
  599.88,   342.48,   856.95
  725.77,    93.30,   607.21
  723.28,    92.04,   732.09
  720.34,    90.40,   856.92
  728.11,   218.09,   608.57
  725.44,   217.18,   733.70
  722.35,   215.26,   858.42
  730.66,   342.85,   610.02
  727.60,   342.16,   735.62
  724.54,   340.35,   860.34
  476.42,   223.85,    99.39
  478.72,   221.38,   224.45
  481.14,   218.88,   349.29
  476.29,   348.56,   101.52
  478.98,   346.04,   226.47
  481.27,   343.82,   351.56
  476.03,   473.31,   103.80
  478.93,   470.89,   228.68
  481.15,   468.88,   353.85
  601.67,   224.42,    96.77
  603.87,   222.05,   221.78
  606.09,   219.46,   346.51
  601.25,   349.29,    99.06
  603.84,   346.84,   223.95
  606.27,   344.28,   348.77
  600.75,   474.13,   101.48
  603.62,   471.74,   226.26
  606.19,   469.29,   351.10
  726.65,   225.00,    94.04
  728.87,   222.81,   218.94
  731.23,   219.95,   343.62
  726.08,   350.16,    96.65
  728.46,   347.77,   221.45
  731.15,   344.58,   345.85
  725.41,   475.09,    99.28
  728.00,   472.74,   224.03
  730.97,   469.56,   348.30
  476.45,   223.70,   226.45
  473.79,   223.65,   351.32
  471.33,   223.63,   476.16
  480.14,   348.36,   226.08
  477.34,   348.58,   351.20
  474.54,   348.73,   476.25
  483.49,   473.20,   225.90
  480.63,   473.63,   351.09
  477.65,   473.88,   476.24
  601.53,   220.91,   228.88
  598.67,   220.75,   353.64
  596.20,   220.68,   478.55
  604.94,   345.69,   228.65
  602.28,   345.58,   353.51
  599.66,   345.57,   478.55
  608.12,   470.60,   228.58
  605.62,   470.58,   353.44
  602.94,   470.62,   478.51
  726.50,   218.18,   231.10
  723.77,   217.76,   355.83
  721.40,   217.58,   480.93
  729.53,   343.11,   231.19
  727.14,   342.37,   355.64
  724.77,   342.13,   480.66
  732.50,   468.09,   231.38
  730.39,   467.34,   355.68
  728.11,   467.07,   480.59
  472.80,   225.81,   350.20
  469.54,   227.44,   475.01
  466.56,   229.11,   599.96
  475.83,   350.74,   348.43
  472.24,   352.54,   473.45
  468.90,   354.15,   598.41
  478.59,   475.78,   346.67
  474.81,   477.69,   471.80
  471.22,   479.23,   596.81
  597.68,   223.48,   353.34
  594.42,   225.05,   478.22
  591.52,   226.85,   603.36
  600.77,   348.31,   351.57
  597.35,   349.95,   476.58
  594.06,   351.71,   601.78
  603.57,   473.32,   349.85
  600.10,   475.01,   474.90
  596.50,   476.73,   600.13
  722.76,   221.04,   356.34
  719.60,   222.51,   481.40
  716.60,   224.52,   606.73
  725.61,   345.67,   354.53
  722.45,   347.08,   479.50
  719.12,   349.26,   605.07
  728.32,   470.66,   352.94
  725.26,   472.03,   477.80
  721.76,   474.12,   603.45
  475.73,   225.96,   475.98
  479.71,   225.28,   600.94
  483.69,   224.66,   725.82
  478.94,   351.06,   476.65
  482.58,   350.29,   601.60
  486.30,   349.46,   726.42
  482.02,   476.20,   477.22
  485.41,   475.36,   602.22
  488.99,   474.36,   727.09
  600.59,   223.04,   472.18
  604.64,   222.47,   597.32
  608.74,   222.01,   722.31
  604.04,   347.92,   472.75
  607.71,   347.32,   597.96
  611.35,   346.76,   723.06
  607.31,   472.97,   473.29
  610.68,   472.32,   598.54
  613.95,   471.69,   723.75
  725.74,   219.97,   468.36
  729.70,   219.55,   593.68
  733.51,   219.43,   718.86
  729.10,   344.51,   468.66
  732.74,   344.28,   594.20
  736.15,   344.41,   719.86
  732.42,   469.46,   469.18
  735.91,   469.14,   594.79
  738.96,   469.23,   720.67
  475.80,   224.42,   600.38
  473.12,   224.57,   725.28
  470.27,   224.55,   850.05
  477.77,   349.46,   600.42
  474.85,   349.39,   725.25
  471.88,   349.52,   850.09
  479.70,   474.56,   600.40
  476.66,   474.31,   725.29
  473.73,   474.47,   850.12
  600.78,   222.51,   603.43
  598.25,   222.77,   728.40
  595.48,   222.38,   853.07
  602.94,   347.38,   603.44
  599.94,   347.54,   728.50
  596.86,   347.47,   853.16
  604.99,   472.40,   603.39
  601.63,   472.49,   728.55
  598.52,   472.65,   853.25
  725.88,   220.52,   606.47
  723.04,   221.13,   731.62
  719.80,   220.73,   856.35
  728.00,   345.29,   606.39
  724.77,   346.10,   732.01
  721.53,   345.83,   856.76
  730.24,   470.16,   606.37
  726.63,   470.94,   732.18
  723.42,   470.90,   856.84
  474.18,   351.76,    97.99
  476.88,   348.68,   222.92
  479.15,   345.91,   348.00
  471.32,   476.46,   100.89
  474.23,   473.48,   225.74
  476.43,   470.92,   350.89
  468.14,   601.45,   104.23
  470.80,   598.60,   228.94
  473.04,   596.06,   353.86
  599.11,   355.07,    95.61
  601.71,   352.08,   220.49
  604.12,   348.98,   345.31
  596.03,   479.86,    98.64
  598.89,   476.92,   223.41
  601.44,   473.95,   348.25
  592.81,   604.72,   101.93
  595.57,   601.93,   226.62
  598.14,   599.08,   351.25
  723.92,   358.53,    93.29
  726.28,   355.63,   218.10
  728.96,   351.89,   342.48
  720.65,   483.40,    96.51
  723.23,   480.54,   221.28
  726.18,   476.84,   345.55
  717.42,   608.17,    99.58
  720.14,   605.42,   224.50
  723.10,   601.98,   348.66
  474.25,   348.46,   223.12
  473.20,   347.92,   348.26
  472.15,   347.30,   473.33
  476.94,   473.30,   223.65
  475.82,   472.97,   348.87
  474.59,   472.47,   474.05
  478.86,   598.47,   224.58
  477.77,   598.16,   349.55
  476.68,   597.61,   474.69
  599.10,   346.45,   223.93
  598.19,   345.59,   348.83
  597.30,   344.81,   473.87
  601.63,   471.36,   224.57
  600.86,   470.60,   349.47
  599.92,   469.89,   474.56
  603.65,   596.42,   225.51
  602.92,   595.77,   350.18
  602.07,   595.04,   475.17
  723.73,   344.56,   224.74
  723.07,   343.08,   349.21
  722.44,   342.04,   474.20
  726.02,   469.54,   225.64
  725.64,   468.06,   349.97
  725.12,   467.00,   474.86
  728.25,   594.51,   226.60
  727.91,   593.25,   350.82
  727.54,   592.24,   475.59
  474.95,   349.79,   351.92
  473.37,   347.40,   476.97
  472.07,   344.83,   601.94
  477.09,   474.84,   354.30
  475.33,   472.55,   479.45
  473.78,   469.90,   604.47
  478.57,   600.02,   356.74
  476.97,   597.68,   481.87
  475.51,   594.94,   607.04
  599.94,   347.89,   352.98
  598.53,   345.35,   478.01
  597.26,   342.95,   603.23
  602.15,   472.89,   355.39
  600.67,   470.41,   480.47
  599.09,   467.94,   605.73
  603.74,   598.04,   357.86
  602.36,   595.55,   482.85
  600.81,   592.99,   608.17
  724.84,   345.79,   353.86
  723.68,   343.02,   478.85
  722.37,   341.03,   604.44
  726.96,   470.75,   356.38
  725.89,   467.96,   481.29
  724.38,   465.90,   606.98
  728.78,   595.93,   358.97
  727.86,   593.19,   483.78
  726.42,   590.95,   609.41
  474.25,   349.11,   474.16
  474.32,   348.41,   599.16
  474.48,   347.63,   724.04
  474.06,   474.30,   474.76
  473.87,   473.52,   599.82
  473.91,   472.56,   724.73
  473.52,   599.46,   475.30
  473.43,   598.60,   600.50
  473.55,   597.60,   725.60
  599.44,   349.25,   473.85
  599.54,   348.69,   599.11
  599.62,   348.15,   724.21
  599.42,   474.35,   474.44
  599.21,   473.74,   599.72
  598.94,   473.11,   724.92
  598.91,   599.54,   474.94
  598.75,   598.83,   600.28
  598.56,   598.11,   725.61
  724.61,   349.09,   473.35
  724.67,   348.93,   598.96
  724.51,   349.05,   724.63
  724.65,   474.10,   473.91
  724.55,   473.85,   599.59
  724.01,   473.89,   725.44
  724.42,   599.38,   474.53
  724.42,   598.95,   600.14
  723.75,   598.80,   725.78
  473.42,   350.39,   600.41
  475.24,   349.93,   725.27
  477.01,   349.66,   850.12
  476.21,   475.47,   600.70
  477.91,   474.83,   725.61
  479.72,   474.60,   850.46
  479.01,   600.52,   601.02
  480.80,   599.84,   726.12
  482.69,   599.52,   850.88
  598.59,   347.44,   598.68
  600.34,   347.22,   723.77
  602.01,   346.77,   848.49
  601.52,   472.45,   598.93
  602.91,   472.15,   724.13
  604.52,   471.91,   848.88
  604.31,   597.50,   599.12
  605.76,   597.13,   724.46
  607.52,   596.90,   849.42
  723.67,   344.44,   596.84
  725.20,   344.88,   722.50
  726.68,   344.38,   847.41
  726.80,   469.31,   597.11
  727.94,   469.70,   722.97
  729.40,   469.39,   847.82
  729.93,   594.37,   597.31
  730.94,   594.58,   722.97
  732.32,   594.48,   848.14
  476.02,   474.51,   101.58
  479.78,   474.00,   226.44
  482.85,   473.91,   351.61
  473.54,   599.54,   102.45
  477.06,   599.17,   227.17
  480.15,   599.10,   352.09
  470.72,   724.77,   103.58
  473.77,   724.57,   228.23
  476.97,   724.27,   352.62
  600.71,   477.16,    98.42
  604.41,   476.71,   223.21
  607.84,   476.18,   348.04
  598.19,   602.07,    99.23
  601.80,   601.76,   223.96
  605.25,   601.36,   348.57
  595.69,   727.08,   100.33
  598.85,   726.99,   224.97
  602.14,   726.61,   349.11
  725.35,   479.95,    95.37
  728.75,   479.58,   220.16
  732.56,   478.33,   344.42
  722.82,   604.76,    95.95
  726.36,   604.51,   220.92
  730.18,   603.53,   345.09
  720.57,   729.40,    96.47
  724.04,   729.41,   221.73
  727.54,   728.80,   345.67
  474.23,   476.40,   223.40
  475.39,   474.65,   348.59
  476.44,   472.71,   473.75
  477.41,   601.54,   225.71
  478.61,   599.80,   350.64
  479.81,   597.81,   475.76
  480.03,   726.90,   228.34
  481.35,   724.93,   352.73
  482.94,   722.78,   477.68
  598.89,   473.19,   221.99
  600.39,   471.02,   346.87
  601.74,   468.87,   471.93
  602.19,   598.22,   224.30
  603.74,   596.14,   348.95
  605.18,   593.98,   473.90
  605.16,   723.40,   226.87
  606.58,   721.34,   351.04
  608.22,   719.08,   475.83
  723.24,   470.15,   220.75
  725.13,   467.25,   345.07
  726.88,   464.72,   469.89
  726.74,   595.07,   223.08
  728.68,   592.38,   347.28
  730.60,   589.92,   471.99
  730.35,   719.93,   225.44
  731.99,   717.59,   349.41
  733.93,   715.24,   474.03
  474.01,   474.96,   350.06
  477.01,   476.81,   475.18
  480.20,   478.28,   600.18
  475.64,   600.14,   348.32
  478.78,   601.94,   473.39
  482.07,   603.35,   598.54
  476.78,   725.31,   346.63
  480.29,   726.95,   471.52
  483.98,   728.37,   596.86
  599.02,   472.86,   346.48
  602.31,   474.49,   471.50
  605.50,   476.14,   596.73
  600.76,   598.03,   344.78
  604.13,   599.65,   469.68
  607.37,   601.20,   594.96
  601.98,   723.27,   343.11
  605.54,   724.80,   467.82
  609.11,   726.25,   593.14
  723.75,   470.64,   342.84
  727.46,   471.87,   467.62
  730.78,   473.85,   593.21
  725.68,   595.82,   341.28
  729.55,   597.13,   465.92
  732.99,   598.93,   591.44
  727.37,   721.08,   339.66
  731.22,   722.50,   464.15
  734.94,   724.11,   589.47
  475.20,   473.80,   477.12
  478.40,   474.75,   602.12
  481.81,   475.52,   726.99
  477.25,   598.94,   475.86
  480.54,   599.82,   601.01
  484.03,   600.55,   726.07
  479.05,   723.95,   474.50
  482.73,   724.84,   599.86
  486.44,   725.69,   725.22
  600.50,   471.24,   473.43
  603.69,   472.36,   598.67
  606.79,   473.49,   723.84
  602.60,   596.40,   472.14
  605.83,   597.42,   597.42
  608.98,   598.47,   722.73
  604.29,   721.55,   470.79
  607.85,   722.47,   596.13
  611.39,   723.42,   721.59
  725.65,   468.38,   469.54
  728.96,   469.83,   595.15
  731.81,   471.66,   720.99
  728.01,   593.62,   468.36
  731.44,   594.91,   593.90
  734.18,   596.53,   719.54
  729.97,   718.99,   467.11
  733.67,   720.07,   592.46
  736.75,   721.34,   717.77
  473.51,   475.31,   600.30
  474.90,   471.91,   725.16
  476.38,   468.93,   849.98
  473.30,   600.36,   603.42
  474.77,   596.92,   728.47
  476.34,   593.85,   853.19
  473.18,   725.36,   606.54
  474.84,   722.04,   731.86
  476.40,   718.89,   856.39
  598.85,   475.35,   598.85
  599.93,   472.27,   724.01
  601.22,   469.28,   848.73
  598.61,   600.40,   601.86
  599.76,   597.24,   727.15
  601.22,   594.26,   852.04
  598.29,   725.42,   604.84
  599.83,   722.19,   730.31
  601.40,   719.06,   855.27
  724.19,   475.25,   597.37
  725.00,   472.86,   723.18
  726.14,   469.79,   847.99
  724.27,   600.33,   600.38
  724.96,   597.74,   725.98
  726.05,   594.87,   851.11
  724.12,   725.46,   603.16
  725.14,   722.52,   728.51
  726.15,   719.61,   854.13
  476.71,   598.41,   101.15
  479.99,   597.93,   225.87
  482.82,   597.75,   350.80
  477.57,   723.64,   102.30
  480.36,   723.34,   226.95
  483.31,   722.95,   351.33
  478.75,   848.75,   102.95
  481.29,   848.46,   227.62
  484.27,   847.75,   351.78
  601.38,   597.27,    98.16
  604.75,   596.86,   222.90
  607.95,   596.34,   347.52
  602.56,   722.28,    99.23
  605.49,   722.09,   223.92
  608.54,   721.60,   348.07
  603.90,   847.50,    99.85
  606.58,   847.12,   224.60
  609.44,   846.59,   348.63
  726.04,   596.32,    95.14
  729.31,   595.96,   220.10
  732.89,   594.84,   344.28
  727.44,   720.96,    95.63
  730.67,   720.87,   220.91
  733.95,   720.12,   344.87
  728.85,   846.18,    96.18
  731.92,   845.66,   221.53
  734.80,   845.29,   345.52
  474.54,   601.47,   225.28
  475.95,   598.87,   350.20
  477.36,   596.04,   475.29
  474.05,   726.87,   228.78
  475.60,   724.04,   353.17
  477.40,   721.04,   478.11
  474.17,   851.93,   231.84
  475.74,   848.79,   356.03
  477.70,   845.62,   480.87
  599.35,   601.26,   223.72
  601.11,   598.34,   348.34
  602.76,   595.33,   473.27
  599.21,   726.48,   227.17
  600.83,   723.57,   351.32
  602.69,   720.47,   476.09
  599.48,   851.46,   230.25
  600.91,   848.50,   354.29
  602.78,   845.37,   478.95
  723.96,   601.21,   222.33
  726.10,   597.70,   346.51
  728.23,   594.39,   471.20
  724.46,   726.11,   225.58
  726.29,   722.95,   349.52
  728.43,   719.75,   474.11
  724.84,   850.88,   228.61
  726.30,   848.10,   352.58
  728.25,   845.10,   476.96
  473.76,   598.49,   349.39
  470.25,   596.30,   474.47
  466.89,   593.70,   599.61
  469.75,   723.63,   351.66
  466.65,   721.26,   476.59
  463.69,   718.69,   601.94
  466.22,   848.36,   353.82
  463.30,   845.81,   478.64
  460.60,   843.38,   604.16
  598.84,   601.54,   352.51
  595.54,   599.18,   477.45
  592.10,   596.73,   602.73
  594.87,   726.75,   354.77
  591.78,   724.29,   479.57
  588.69,   721.74,   604.94
  591.30,   851.61,   357.03
  588.25,   849.10,   481.72
  585.42,   846.65,   607.17
  723.81,   604.44,   355.62
  720.99,   601.82,   480.37
  717.66,   599.66,   605.94
  720.28,   729.69,   357.91
  717.46,   727.14,   482.56
  714.40,   724.75,   607.93
  716.60,   854.80,   360.27
  713.63,   852.43,   484.69
  710.83,   849.96,   609.93
  474.22,   602.02,   476.01
  474.33,   603.81,   601.20
  474.65,   605.46,   726.30
  477.02,   726.99,   473.79
  477.53,   728.80,   599.19
  478.07,   730.58,   724.59
  480.09,   851.53,   471.52
  480.82,   853.47,   597.06
  481.51,   855.46,   722.77
  599.59,   598.51,   475.52
  599.61,   600.45,   600.84
  599.61,   602.38,   726.17
  602.28,   723.62,   473.31
  602.65,   725.46,   598.69
  603.03,   727.32,   724.21
  605.16,   848.49,   471.14
  605.78,   850.40,   596.54
  606.46,   852.26,   722.31
  725.05,   594.76,   474.97
  725.23,   596.98,   600.57
  724.76,   599.49,   726.19
  728.01,   720.08,   472.85
  728.47,   722.09,   598.24
  728.34,   724.25,   723.59
  730.59,   845.41,   470.68
  731.29,   847.37,   595.84
  731.60,   849.10,   721.43
  473.11,   602.20,   601.90
  471.65,   603.82,   726.99
  470.30,   605.81,   851.73
  469.50,   727.18,   599.89
  468.24,   728.93,   725.27
  466.86,   730.84,   849.87
  465.99,   851.83,   597.77
  464.86,   853.80,   723.43
  463.34,   855.82,   848.10
  598.36,   605.70,   603.21
  596.59,   607.60,   728.53
  595.15,   609.65,   853.45
  594.54,   730.71,   601.08
  593.19,   732.53,   726.60
  591.87,   734.43,   851.57
  590.86,   855.60,   598.96
  589.79,   857.44,   724.75
  588.52,   859.37,   849.69
  723.97,   609.12,   604.62
  721.72,   611.56,   730.18
  719.93,   613.72,   855.36
  720.30,   734.21,   602.25
  718.44,   736.28,   727.61
  716.54,   738.37,   853.24
  716.28,   859.46,   599.93
  714.82,   861.11,   725.61
  713.12,   863.03,   851.12
  600.77,    98.19,    98.50
  597.65,    99.96,   223.41
  594.37,   101.43,   348.34
  597.28,   223.35,    96.95
  593.90,   224.89,   221.98
  590.57,   226.22,   346.73
  593.66,   348.17,    95.21
  590.71,   349.62,   220.10
  587.57,   351.04,   344.99
  725.86,   101.77,   101.27
  722.63,   103.67,   226.16
  719.35,   105.36,   351.34
  722.19,   227.19,    99.74
  718.84,   228.84,   224.65
  715.62,   229.87,   349.32
  718.43,   352.25,    98.33
  715.28,   353.74,   223.13
  712.40,   354.53,   347.57
  850.68,   105.42,   104.32
  847.67,   107.45,   229.39
  844.44,   109.05,   354.44
  846.78,   230.94,   102.76
  843.58,   232.54,   227.69
  840.66,   233.40,   352.36
  843.13,   356.17,   101.34
  839.95,   357.57,   226.07
  837.19,   358.01,   350.44
  601.22,   100.59,   225.99
  600.60,   104.20,   350.93
  600.27,   107.72,   475.92
  604.38,   225.50,   222.52
  603.74,   228.94,   347.24
  603.45,   232.45,   472.12
  608.05,   350.24,   218.65
  607.63,   353.71,   343.46
  607.22,   357.27,   468.44
  726.28,    97.33,   226.20
  725.67,   101.20,   351.41
  725.49,   104.78,   476.56
  729.36,   222.53,   222.65
  728.83,   225.68,   347.32
  728.66,   229.04,   472.35
  732.64,   347.44,   219.14
  732.46,   350.28,   343.52
  732.31,   353.54,   468.42
  851.45,    94.19,   226.91
  850.84,    98.00,   351.99
  850.56,   101.58,   476.92
  854.14,   219.28,   223.23
  853.89,   222.33,   347.92
  853.77,   225.65,   472.85
  857.41,   344.30,   219.54
  857.30,   346.92,   343.97
  857.11,   350.06,   468.91
  601.07,    99.67,   350.68
  597.83,    99.27,   475.70
  594.79,    99.00,   600.63
  600.12,   224.50,   350.90
  596.90,   224.11,   475.80
  594.06,   223.94,   600.95
  599.98,   349.36,   351.02
  596.61,   349.04,   476.04
  593.37,   348.83,   601.25
  726.11,   100.69,   354.01
  723.01,   100.35,   479.20
  720.10,    99.95,   604.11
  725.23,   225.24,   353.81
  722.12,   224.72,   478.88
  719.17,   224.77,   604.23
  724.85,   349.90,   353.89
  721.74,   349.34,   478.87
  718.47,   349.56,   604.46
  851.25,   101.48,   357.42
  848.07,   101.16,   482.38
  845.24,   100.79,   607.29
  850.31,   225.86,   357.21
  847.26,   225.32,   482.20
  844.15,   225.42,   607.52
  849.70,   350.49,   357.13
  846.59,   349.82,   482.14
  843.20,   350.17,   607.75
  601.46,    98.94,   475.05
  601.53,    95.43,   599.97
  601.80,    92.05,   724.79
  599.42,   223.71,   478.38
  599.67,   220.32,   603.52
  599.99,   217.00,   728.48
  598.00,   348.57,   481.88
  597.86,   345.14,   607.09
  597.73,   341.70,   732.11
  726.66,   101.14,   475.49
  726.86,    97.52,   600.41
  727.06,    94.17,   725.27
  724.66,   225.44,   478.42
  724.80,   222.26,   603.77
  724.81,   219.28,   728.92
  723.17,   350.00,   481.67
  722.97,   347.00,   607.26
  722.59,   344.21,   732.84
  851.74,   103.04,   475.62
  851.98,    99.46,   600.52
  852.16,    95.92,   725.55
  849.82,   227.14,   478.69
  849.80,   224.02,   604.00
  849.58,   221.11,   729.28
  848.03,   351.59,   481.89
  847.72,   348.71,   607.50
  847.21,   346.28,   733.23
  598.51,   100.98,   598.84
  597.47,   103.14,   723.70
  596.38,   104.85,   848.45
  596.59,   225.88,   596.85
  595.54,   228.06,   721.85
  594.27,   229.67,   846.55
  594.73,   350.74,   594.85
  593.22,   352.81,   719.92
  591.62,   354.71,   844.62
  723.84,   103.14,   600.53
  722.69,   105.31,   725.42
  721.10,   107.05,   850.17
  721.71,   227.90,   598.34
  720.37,   230.47,   723.56
  718.65,   232.13,   848.36
  719.85,   352.63,   596.24
  718.11,   355.36,   721.89
  716.35,   357.17,   846.76
  848.96,   105.19,   601.92
  847.75,   107.22,   726.98
  846.02,   109.09,   851.92
  846.71,   229.75,   599.84
  845.11,   232.42,   725.18
  843.20,   234.32,   850.03
  844.61,   354.43,   597.74
  842.75,   357.55,   723.55
  841.09,   359.80,   848.72
  601.23,   226.50,    98.95
  603.60,   223.92,   223.95
  605.99,   221.13,   348.67
  604.27,   351.34,   101.36
  607.03,   348.69,   226.24
  609.62,   345.91,   351.05
  607.22,   476.15,   103.92
  610.23,   473.57,   228.69
  613.00,   470.88,   353.50
  726.17,   223.64,    95.98
  728.56,   221.24,   220.87
  731.08,   218.18,   345.55
  729.06,   348.78,    98.72
  731.60,   346.16,   223.50
  734.46,   342.75,   347.89
  731.83,   473.69,   101.49
  734.58,   471.10,   226.21
  737.72,   467.69,   350.45
  850.82,   220.67,    93.23
  853.32,   218.29,   218.24
  856.11,   215.13,   342.96
  853.80,   345.96,    95.94
  856.35,   343.32,   220.70
  859.28,   339.70,   345.16
  856.87,   470.86,    98.74
  859.44,   468.31,   223.24
  862.41,   464.73,   347.57
  598.91,   227.25,   223.72
  601.84,   224.33,   348.43
  605.13,   221.47,   473.28
  600.77,   352.03,   226.16
  603.89,   349.15,   350.98
  607.05,   346.33,   475.95
  602.40,   476.93,   228.78
  605.66,   474.15,   353.60
  608.78,   471.39,   478.61
  723.89,   226.18,   220.15
  726.94,   222.98,   344.80
  730.34,   219.97,   469.82
  725.36,   351.12,   222.94
  728.74,   347.60,   347.32
  732.16,   344.51,   472.22
  726.76,   476.08,   225.81
  730.42,   472.57,   350.06
  733.94,   469.46,   474.86
  848.67,   224.86,   216.99
  851.99,   221.53,   341.68
  855.44,   218.47,   466.60
  850.10,   349.92,   219.65
  853.57,   346.14,   344.05
  856.97,   342.91,   468.99
  851.58,   474.93,   222.40
  855.10,   471.20,   346.67
  858.51,   467.95,   471.58
  598.14,   225.27,   351.71
  595.80,   223.39,   476.62
  593.84,   221.74,   601.77
  595.65,   350.08,   353.28
  593.15,   348.28,   478.32
  590.80,   346.59,   603.52
  592.87,   475.09,   354.90
  590.30,   473.36,   479.99
  587.63,   471.59,   605.21
  723.23,   228.31,   353.78
  721.00,   226.32,   478.85
  718.93,   224.89,   604.22
  720.52,   352.94,   355.31
  718.28,   350.91,   480.31
  715.88,   349.64,   605.89
  717.67,   477.93,   357.05
  715.51,   475.89,   481.96
  712.91,   474.51,   607.62
  848.30,   231.25,   356.32
  846.12,   229.21,   481.32
  843.89,   227.85,   606.66
  845.35,   355.84,   357.68
  843.12,   353.68,   482.71
  840.61,   352.57,   608.34
  842.34,   480.91,   359.33
  840.19,   478.71,   484.28
  837.68,   477.51,   610.03
  601.38,   224.26,   476.56
  599.37,   224.19,   601.74
  597.40,   224.17,   726.73
  605.04,   349.13,   476.78
  602.63,   349.04,   602.04
  600.20,   348.92,   727.11
  608.50,   474.18,   476.98
  605.79,   474.03,   602.27
  603.00,   473.85,   727.46
  726.58,   220.95,   478.83
  724.45,   221.08,   604.19
  722.19,   221.42,   729.37
  730.13,   345.50,   478.79
  727.68,   345.83,   604.40
  725.03,   346.37,   730.04
  733.65,   470.44,   478.96
  731.04,   470.68,   604.67
  727.99,   471.19,   730.50
  851.69,   217.64,   481.33
  849.42,   217.81,   606.64
  846.93,   218.20,   731.93
  854.93,   342.08,   481.28
  852.36,   342.49,   606.88
  849.60,   343.37,   732.61
  858.20,   467.10,   481.41
  855.63,   467.41,   607.11
  852.86,   468.27,   733.12
  599.06,   224.81,   601.46
  596.86,   221.88,   726.41
  594.45,   218.32,   851.05
  596.83,   349.65,   604.58
  594.17,   346.60,   729.58
  591.44,   343.34,   854.21
  594.47,   474.64,   607.63
  591.48,   471.49,   732.71
  588.72,   468.48,   857.36
  724.16,   227.12,   604.22
  721.65,   224.55,   729.36
  718.77,   220.99,   854.06
  721.92,   351.86,   607.26
  719.01,   349.45,   732.83
  716.11,   345.98,   857.52
  719.76,   476.73,   610.37
  716.46,   474.24,   736.07
  713.62,   470.99,   860.64
  849.11,   229.24,   606.97
  846.36,   226.76,   732.25
  843.30,   223.40,   856.96
  846.62,   353.96,   610.03
  843.61,   351.94,   735.77
  840.83,   348.85,   860.71
  844.49,   478.91,   613.10
  841.42,   476.86,   739.10
  838.75,   473.70,   863.91
  600.01,   351.03,   100.57
  601.28,   347.62,   225.46
  602.37,   344.12,   350.29
  600.62,   475.85,   103.93
  602.16,   472.50,   228.71
  603.40,   469.11,   353.56
  601.07,   600.74,   107.55
  602.53,   597.55,   232.25
  603.83,   594.25,   356.88
  724.85,   350.81,    99.47
  725.92,   347.42,   224.25
  727.28,   343.29,   348.66
  725.27,   475.73,   103.04
  726.57,   472.37,   227.75
  728.21,   468.24,   352.03
  725.72,   600.55,   106.46
  727.16,   597.30,   231.31
  728.84,   593.40,   355.48
  849.65,   350.36,    98.23
  850.71,   346.93,   222.98
  852.17,   342.54,   347.41
  850.33,   475.29,   101.86
  851.42,   471.93,   226.36
  852.94,   467.57,   350.66
  850.90,   600.06,   105.42
  851.99,   596.79,   229.86
  853.56,   592.84,   354.25
  599.12,   348.12,   226.50
  602.63,   351.65,   351.28
  606.18,   355.24,   476.21
  596.94,   472.96,   222.80
  600.57,   476.62,   347.61
  604.05,   480.28,   472.57
  594.24,   597.96,   219.42
  597.88,   601.75,   344.00
  601.43,   605.41,   468.85
  723.70,   350.86,   222.87
  727.47,   353.75,   347.21
  731.27,   357.05,   472.07
  721.27,   475.80,   219.45
  725.28,   478.74,   343.69
  729.20,   482.02,   468.41
  718.77,   600.70,   216.09
  722.80,   603.90,   340.23
  726.84,   607.26,   464.81
  848.41,   353.33,   219.17
  852.27,   355.94,   343.51
  856.04,   359.10,   468.40
  846.02,   478.35,   215.69
  849.94,   481.03,   339.88
  853.77,   484.16,   464.69
  843.52,   603.16,   212.29
  847.46,   606.27,   336.55
  851.52,   609.57,   461.36
  600.70,   350.39,   347.87
  603.95,   348.53,   472.85
  607.35,   346.83,   598.06
  603.38,   475.40,   349.50
  606.60,   473.59,   474.52
  609.70,   471.83,   599.77
  605.45,   600.56,   351.21
  608.77,   598.74,   476.12
  611.92,   596.89,   601.42
  725.52,   347.92,   344.11
  729.04,   345.77,   469.01
  732.40,   344.44,   594.55
  728.11,   472.90,   345.88
  731.74,   470.72,   470.66
  734.95,   469.31,   596.28
  730.40,   598.07,   347.71
  734.19,   595.97,   472.39
  737.52,   594.39,   597.95
  850.33,   345.52,   340.72
  853.84,   343.22,   465.66
  857.08,   341.92,   591.17
  852.78,   470.59,   342.37
  856.30,   468.26,   467.26
  859.51,   466.87,   592.87
  855.05,   595.86,   344.34
  858.79,   593.70,   469.25
  862.28,   592.12,   594.69
  600.74,   351.14,   475.11
  603.09,   351.51,   600.35
  605.40,   351.89,   725.46
  604.78,   476.18,   474.69
  606.84,   476.49,   599.97
  608.80,   476.81,   725.19
  608.36,   601.30,   474.20
  610.47,   601.52,   599.53
  612.48,   601.77,   724.88
  725.82,   346.91,   472.36
  728.14,   347.67,   597.94
  730.22,   348.74,   723.62
  729.92,   471.85,   471.92
  732.09,   472.52,   597.58
  733.81,   473.54,   723.46
  733.77,   597.06,   471.55
  736.07,   597.56,   597.15
  737.66,   598.38,   722.81
  850.62,   342.89,   470.07
  852.81,   343.71,   595.65
  854.79,   345.05,   721.40
  854.49,   467.90,   469.59
  856.66,   468.62,   595.25
  858.64,   469.92,   721.25
  858.37,   593.33,   469.50
  860.83,   593.83,   594.97
  863.00,   594.81,   720.68
  599.52,   351.44,   600.96
  603.11,   348.15,   725.97
  606.61,   344.63,   850.60
  600.56,   476.44,   604.30
  603.80,   473.07,   729.41
  607.26,   469.77,   854.05
  601.47,   601.47,   607.59
  604.78,   598.03,   732.83
  608.41,   594.75,   857.66
  724.60,   350.39,   597.25
  727.95,   347.78,   722.84
  731.27,   344.23,   847.68
  725.85,   475.27,   600.63
  728.82,   472.59,   726.40
  732.14,   469.18,   851.13
  727.09,   600.33,   603.92
  729.93,   597.46,   729.48
  733.21,   594.25,   854.54
  849.31,   349.21,   593.64
  852.54,   346.89,   719.33
  855.97,   343.83,   844.45
  850.51,   474.17,   596.98
  853.71,   471.81,   722.93
  857.26,   468.74,   848.03
  852.04,   599.38,   600.41
  855.36,   596.73,   726.07
  858.64,   593.46,   851.12
  599.96,   473.52,   101.12
  600.21,   472.15,   225.94
  600.17,   470.76,   350.84
  599.22,   598.44,   102.76
  599.39,   597.23,   227.51
  599.38,   595.94,   352.19
  598.49,   723.47,   104.69
  598.21,   722.48,   229.33
  598.06,   721.20,   353.54
  724.63,   474.55,   101.54
  724.63,   473.19,   226.31
  724.98,   471.07,   350.64
  723.88,   599.40,   102.97
  724.01,   598.17,   227.90
  724.40,   596.28,   352.12
  723.43,   724.04,   104.34
  723.46,   723.11,   229.52
  723.53,   721.57,   353.50
  849.68,   475.30,   101.68
  849.48,   473.93,   226.24
  849.72,   471.55,   350.57
  849.06,   600.09,   103.27
  848.85,   598.83,   227.78
  849.14,   596.87,   352.19
  848.43,   724.57,   104.76
  848.16,   723.54,   229.42
  848.43,   722.09,   353.82
  598.86,   475.24,   225.04
  602.29,   472.20,   349.87
  605.57,   469.16,   474.87
  596.80,   600.28,   228.31
  600.26,   597.35,   352.92
  603.63,   594.31,   477.83
  594.36,   725.50,   231.83
  597.71,   722.57,   355.96
  601.29,   719.43,   480.73
  723.21,   477.62,   222.00
  727.03,   473.85,   346.24
  730.73,   470.45,   471.01
  721.37,   602.53,   225.27
  725.22,   599.01,   349.42
  729.06,   595.69,   474.09
  719.57,   727.43,   228.60
  723.12,   724.26,   352.50
  726.98,   721.03,   477.08
  847.99,   479.71,   218.52
  851.71,   475.69,   342.75
  855.31,   472.13,   467.60
  846.13,   604.53,   221.76
  849.88,   600.94,   346.06
  853.72,   597.54,   470.93
  844.24,   729.17,   225.09
  847.95,   726.09,   349.38
  851.98,   722.99,   474.26
  599.21,   476.36,   349.37
  601.25,   473.68,   474.41
  603.19,   471.03,   599.65
  600.58,   601.52,   351.99
  602.73,   598.83,   476.92
  604.72,   596.07,   602.22
  601.47,   726.74,   354.60
  603.82,   723.96,   479.39
  606.15,   721.10,   604.77
  723.98,   474.54,   346.89
  726.44,   471.50,   471.70
  728.49,   469.20,   597.33
  725.59,   599.71,   349.63
  728.20,   596.74,   474.34
  730.35,   594.27,   599.92
  726.93,   724.96,   352.29
  729.56,   722.09,   476.90
  731.98,   719.40,   602.28
  848.68,   472.89,   344.53
  851.08,   469.68,   469.41
  853.14,   467.44,   595.06
  850.29,   598.16,   347.41
  852.90,   595.11,   472.32
  855.24,   592.67,   597.78
  851.76,   723.33,   350.33
  854.58,   720.59,   475.26
  857.26,   718.03,   600.36
  599.88,   475.56,   475.56
  596.46,   475.01,   600.80
  593.00,   474.41,   725.93
  600.51,   600.74,   476.02
  597.14,   600.09,   601.32
  593.75,   599.42,   726.61
  600.75,   725.90,   476.43
  597.73,   725.15,   601.81
  594.73,   724.42,   727.31
  725.07,   474.15,   478.23
  721.75,   473.99,   603.90
  718.00,   474.06,   729.66
  725.99,   599.43,   478.81
  722.75,   599.07,   604.40
  718.87,   598.97,   729.98
  726.49,   724.81,   479.31
  723.52,   724.22,   604.69
  719.97,   723.78,   730.04
  849.70,   473.10,   481.33
  846.45,   473.06,   607.03
  842.95,   473.56,   733.06
  850.72,   598.55,   482.16
  847.76,   598.27,   607.65
  844.32,   598.46,   733.36
  851.57,   724.07,   483.00
  848.92,   723.61,   608.07
  845.71,   723.28,   733.24
  602.09,   473.15,   601.84
  599.47,   470.05,   726.97
  597.07,   467.03,   851.64
  599.95,   598.19,   604.84
  597.40,   595.01,   730.10
  595.17,   591.98,   854.95
  597.73,   723.20,   607.82
  595.57,   719.94,   733.28
  593.46,   716.77,   858.16
  727.38,   474.90,   604.14
  724.48,   472.48,   729.91
  721.97,   469.29,   854.59
  725.56,   599.95,   607.13
  722.52,   597.33,   732.70
  719.99,   594.37,   857.76
  723.51,   725.05,   609.88
  720.80,   722.08,   735.23
  718.15,   719.10,   860.81
  852.05,   476.74,   606.48
  849.41,   474.69,   732.46
  847.12,   471.71,   857.44
  850.57,   601.93,   609.58
  847.99,   599.57,   735.26
  845.35,   596.49,   860.28
  848.93,   727.22,   612.45
  846.56,   724.34,   737.62
  843.58,   721.08,   863.18
  601.16,   600.88,    98.40
  601.10,   604.58,   223.13
  600.84,   608.21,   347.74
  598.85,   725.82,    95.38
  598.32,   729.76,   220.10
  597.88,   733.40,   344.23
  596.71,   851.00,    91.86
  596.01,   854.68,   216.68
  595.41,   858.24,   340.71
  725.84,   603.42,    98.74
  725.72,   607.14,   223.68
  725.86,   610.18,   347.84
  723.77,   727.98,    95.14
  723.57,   732.00,   220.43
  723.35,   735.42,   344.37
  721.65,   853.23,    91.56
  721.33,   856.70,   216.94
  720.74,   860.46,   340.97
  851.02,   605.71,    99.23
  850.54,   609.40,   223.71
  850.59,   612.40,   348.10
  848.81,   730.12,    95.80
  848.24,   734.02,   220.49
  848.23,   737.53,   344.82
  846.50,   855.32,    91.98
  846.05,   858.67,   217.17
  845.58,   862.45,   341.33
  600.28,   601.03,   223.66
  603.98,   602.44,   348.27
  607.60,   603.73,   473.17
  599.74,   726.28,   222.83
  603.29,   727.70,   346.95
  607.09,   728.91,   471.67
  599.62,   851.28,   221.63
  602.99,   852.64,   345.65
  606.80,   853.83,   470.23
  724.85,   601.32,   220.35
  728.93,   602.14,   344.51
  733.03,   603.14,   469.16
  724.94,   726.24,   219.30
  728.71,   727.43,   343.24
  732.78,   728.55,   467.76
  724.94,   851.02,   218.04
  728.32,   852.57,   342.04
  732.16,   853.92,   466.30
  849.64,   601.33,   216.53
  853.60,   602.10,   340.87
  857.67,   603.06,   465.77
  849.57,   725.99,   215.48
  853.48,   727.27,   339.83
  857.73,   728.55,   464.73
  849.59,   850.69,   214.37
  853.09,   852.25,   338.58
  857.13,   853.77,   462.98
  601.50,   601.00,   350.60
  602.51,   601.27,   475.58
  603.37,   601.47,   600.92
  601.35,   726.26,   350.31
  602.55,   726.44,   475.12
  603.76,   726.54,   600.52
  601.58,   851.21,   350.03
  602.81,   851.36,   474.70
  604.26,   851.54,   600.13
  726.52,   600.17,   349.41
  728.01,   600.17,   474.16
  729.04,   600.65,   599.77
  726.82,   725.47,   349.15
  728.31,   725.56,   473.78
  729.61,   725.82,   599.18
  726.96,   850.64,   348.97
  728.25,   850.94,   473.35
  729.78,   851.16,   598.54
  851.24,   599.60,   348.35
  852.75,   599.52,   473.31
  854.00,   600.04,   598.81
  851.68,   724.81,   348.33
  853.37,   725.03,   473.29
  854.95,   725.43,   598.41
  851.81,   849.83,   348.09
  853.32,   850.31,   472.58
  855.10,   850.67,   597.54
  599.08,   601.84,   474.63
  596.99,   604.77,   599.92
  594.90,   607.67,   725.21
  595.34,   726.94,   471.41
  593.61,   729.77,   596.76
  591.93,   732.60,   722.26
  591.83,   851.75,   468.22
  590.35,   854.65,   593.61
  588.96,   857.51,   719.37
  724.54,   604.55,   476.06
  722.61,   607.75,   601.62
  720.04,   611.20,   727.17
  721.03,   729.87,   472.91
  719.37,   732.84,   598.24
  717.20,   735.93,   723.58
  717.21,   855.14,   469.72
  715.78,   858.09,   594.89
  714.02,   860.77,   720.54
  849.29,   607.70,   478.06
  847.65,   610.97,   603.51
  845.55,   614.69,   729.15
  846.14,   733.12,   475.19
  844.80,   736.24,   600.24
  842.92,   739.42,   725.34
  842.26,   858.34,   471.65
  841.09,   861.43,   596.57
  839.26,   864.11,   722.03
  600.14,   600.39,   598.48
  597.84,   598.32,   723.79
  595.86,   596.40,   848.71
  599.80,   725.44,   600.36
  597.89,   723.29,   725.86
  596.05,   721.24,   850.85
  599.58,   850.41,   602.25
  597.99,   848.28,   728.00
  596.18,   846.23,   852.91
  725.79,   600.26,   600.45
  723.02,   598.76,   726.06
  720.69,   596.96,   851.19
  725.63,   725.41,   602.13
  723.20,   723.56,   727.49
  720.77,   721.72,   853.12
  725.09,   850.72,   603.78
  723.11,   848.42,   729.39
  720.82,   846.38,   854.95
  850.78,   600.36,   602.60
  848.49,   599.12,   728.32
  846.09,   597.24,   853.43
  851.02,   725.71,   604.43
  848.96,   723.95,   729.60
  846.29,   721.86,   855.19
  850.45,   850.94,   605.83
  848.48,   848.66,   731.23
  845.89,   846.38,   857.14
