27, 125, pa2-debug-d-output1.txt
  195.92,   197.87,   204.75
  409.17,   390.60,   202.09
  101.95,   100.17,   101.13
  105.51,    98.64,   226.07
  109.06,    97.11,   351.01
  101.35,   225.16,   102.68
  104.91,   223.63,   227.62
  108.46,   222.09,   352.56
  100.75,   350.15,   104.23
  104.30,   348.62,   229.17
  107.86,   347.08,   354.11
  226.90,   100.82,    97.58
  230.46,    99.29,   222.52
  234.01,    97.75,   347.46
  226.30,   225.81,    99.13
  229.85,   224.28,   224.07
  233.41,   222.74,   349.01
  225.69,   350.80,   100.68
  229.25,   349.26,   225.62
  232.81,   347.73,   350.56
  351.85,   101.47,    94.03
  355.40,    99.93,   218.97
  358.96,    98.40,   343.91
  351.25,   226.46,    95.58
  354.80,   224.92,   220.52
  358.36,   223.39,   345.46
  350.64,   351.45,    97.14
  354.20,   349.91,   222.08
  357.75,   348.38,   347.02
  101.22,    99.39,   224.74
  104.44,    99.48,   349.70
  107.67,    99.58,   474.66
  104.47,   224.34,   224.56
  107.69,   224.44,   349.52
  110.91,   224.54,   474.48
  107.72,   349.30,   224.38
  110.94,   349.40,   349.34
  114.16,   349.49,   474.30
  226.14,    96.14,   221.52
  229.36,    96.23,   346.48
  232.58,    96.33,   471.44
  229.38,   221.09,   221.34
  232.61,   221.19,   346.30
  235.83,   221.29,   471.26
  232.63,   346.05,   221.16
  235.85,   346.15,   346.12
  239.08,   346.24,   471.08
  351.05,    92.89,   218.30
  354.28,    92.98,   343.26
  357.50,    93.08,   468.22
  354.30,   217.84,   218.12
  357.52,   217.94,   343.08
  360.75,   218.04,   468.04
  357.55,   342.80,   217.94
  360.77,   342.90,   342.90
  363.99,   342.99,   467.86
  100.29,   100.99,   350.25
  100.07,   100.46,   475.25
   99.84,    99.94,   600.25
   97.78,   225.96,   350.77
   97.56,   225.44,   475.77
   97.33,   224.91,   600.77
   95.27,   350.94,   351.29
   95.05,   350.41,   476.29
   94.82,   349.88,   601.29
  225.26,   103.50,   350.48
  225.04,   102.97,   475.48
  224.82,   102.45,   600.48
  222.75,   228.47,   351.00
  222.53,   227.95,   476.00
  222.31,   227.42,   601.00
  220.24,   353.45,   351.53
  220.02,   352.92,   476.52
  219.80,   352.39,   601.52
  350.24,   106.01,   350.72
  350.02,   105.48,   475.72
  349.79,   104.96,   600.71
  347.73,   230.98,   351.24
  347.51,   230.45,   476.24
  347.28,   229.93,   601.24
  345.22,   355.95,   351.76
  345.00,   355.43,   476.76
  344.77,   354.90,   601.76
  101.31,    99.28,   475.19
  102.92,    97.50,   600.17
  104.52,    95.73,   725.14
   98.21,   224.23,   477.01
   99.81,   222.45,   601.99
  101.42,   220.67,   726.96
   95.10,   349.18,   478.83
   96.71,   347.40,   603.81
   98.31,   345.62,   728.78
  226.27,   102.41,   473.63
  227.87,   100.63,   598.61
  229.47,    98.85,   723.58
  223.16,   227.36,   475.45
  224.76,   225.58,   600.43
  226.37,   223.80,   725.40
  220.06,   352.31,   477.27
  221.66,   350.53,   602.25
  223.26,   348.75,   727.22
  351.22,   105.54,   472.07
  352.82,   103.76,   597.05
  354.43,   101.98,   722.03
  348.11,   230.49,   473.89
  349.72,   228.71,   598.87
  351.32,   226.93,   723.84
  345.01,   355.44,   475.71
  346.61,   353.66,   600.69
  348.22,   351.88,   725.66
   98.70,    98.95,   599.93
   95.20,   100.32,   724.87
   91.69,   101.70,   849.82
  100.87,   223.92,   598.61
   97.36,   225.30,   723.56
   93.85,   226.68,   848.50
  103.04,   348.90,   597.29
   99.53,   350.27,   722.24
   96.02,   351.65,   847.18
  223.64,    96.82,   603.46
  220.13,    98.20,   728.40
  216.62,    99.57,   853.35
  225.80,   221.79,   602.14
  222.29,   223.17,   727.09
  218.79,   224.55,   852.03
  227.97,   346.77,   600.83
  224.46,   348.15,   725.77
  220.95,   349.52,   850.71
  348.57,    94.69,   606.99
  345.06,    96.07,   731.94
  341.55,    97.45,   856.88
  350.73,   219.67,   605.67
  347.23,   221.04,   730.62
  343.72,   222.42,   855.56
  352.90,   344.64,   604.36
  349.39,   346.02,   729.30
  345.88,   347.39,   854.24
   98.31,   226.92,    99.51
   95.73,   223.27,   224.43
   93.16,   219.61,   349.35
   96.07,   351.85,   103.12
   93.49,   348.19,   228.04
   90.92,   344.54,   352.96
   93.83,   476.78,   106.73
   91.25,   473.12,   231.65
   88.68,   469.47,   356.57
  223.26,   229.09,   102.14
  220.69,   225.43,   227.06
  218.12,   221.77,   351.98
  221.02,   354.02,   105.75
  218.45,   350.36,   230.67
  215.88,   346.70,   355.59
  218.78,   478.94,   109.36
  216.21,   475.29,   234.28
  213.64,   471.63,   359.20
  348.21,   231.25,   104.78
  345.64,   227.60,   229.70
  343.07,   223.94,   354.62
  345.97,   356.18,   108.39
  343.40,   352.52,   233.31
  340.83,   348.87,   358.23
  343.73,   481.11,   112.00
  341.16,   477.45,   236.92
  338.59,   473.79,   361.84
  101.73,   224.15,   226.58
  101.46,   226.89,   351.55
  101.18,   229.63,   476.52
   99.66,   349.10,   223.83
   99.38,   351.84,   348.80
   99.10,   354.59,   473.77
   97.58,   474.05,   221.09
   97.30,   476.80,   346.06
   97.03,   479.54,   471.03
  226.72,   226.23,   226.81
  226.44,   228.98,   351.78
  226.16,   231.72,   476.75
  224.64,   351.19,   224.06
  224.36,   353.93,   349.03
  224.09,   356.67,   474.00
  222.56,   476.14,   221.32
  222.29,   478.88,   346.29
  222.01,   481.62,   471.26
  351.70,   228.32,   227.04
  351.42,   231.06,   352.01
  351.15,   233.80,   476.98
  349.62,   353.27,   224.29
  349.35,   356.01,   349.26
  349.07,   358.75,   474.23
  347.54,   478.22,   221.55
  347.27,   480.96,   346.52
  346.99,   483.71,   471.49
   99.77,   223.91,   350.62
  100.13,   222.51,   475.62
  100.49,   221.10,   600.61
   98.99,   348.90,   352.03
   99.35,   347.50,   477.02
   99.72,   346.09,   602.01
   98.22,   473.89,   353.44
   98.58,   472.49,   478.43
   98.94,   471.08,   603.42
  224.77,   224.69,   350.27
  225.13,   223.29,   475.26
  225.49,   221.88,   600.26
  223.99,   349.68,   351.68
  224.35,   348.28,   476.67
  224.71,   346.87,   601.66
  223.22,   474.67,   353.09
  223.58,   473.27,   478.08
  223.94,   471.86,   603.07
  349.76,   225.47,   349.92
  350.12,   224.07,   474.91
  350.48,   222.66,   599.90
  348.99,   350.46,   351.33
  349.35,   349.06,   476.32
  349.71,   347.65,   601.31
  348.21,   475.45,   352.73
  348.57,   474.05,   477.72
  348.93,   472.64,   602.72
  100.05,   226.74,   475.41
   98.96,   226.73,   600.40
   97.88,   226.72,   725.40
  100.27,   351.74,   475.42
   99.19,   351.73,   600.42
   98.10,   351.72,   725.41
  100.49,   476.74,   475.43
   99.41,   476.73,   600.43
   98.33,   476.72,   725.42
  225.04,   226.51,   476.49
  223.96,   226.50,   601.49
  222.88,   226.49,   726.48
  225.27,   351.51,   476.50
  224.18,   351.50,   601.50
  223.10,   351.49,   726.49
  225.49,   476.51,   476.51
  224.41,   476.50,   601.51
  223.32,   476.49,   726.50
  350.04,   226.29,   477.58
  348.95,   226.28,   602.57
  347.87,   226.27,   727.57
  350.26,   351.29,   477.59
  349.18,   351.28,   602.58
  348.09,   351.27,   727.58
  350.48,   476.29,   477.60
  349.40,   476.28,   602.59
  348.32,   476.27,   727.59
   98.67,   224.26,   599.37
   94.97,   225.38,   724.31
   91.26,   226.49,   849.25
   97.90,   349.26,   598.23
   94.20,   350.37,   723.17
   90.49,   351.48,   848.11
   97.14,   474.25,   597.10
   93.43,   475.36,   722.04
   89.72,   476.48,   846.98
  223.62,   225.07,   603.07
  219.91,   226.18,   728.01
  216.20,   227.29,   852.95
  222.85,   350.06,   601.93
  219.14,   351.17,   726.87
  215.43,   352.29,   851.81
  222.08,   475.05,   600.80
  218.37,   476.16,   725.74
  214.66,   477.28,   850.68
  348.56,   225.87,   606.77
  344.85,   226.98,   731.71
  341.14,   228.09,   856.65
  347.79,   350.86,   605.63
  344.08,   351.97,   730.57
  340.38,   353.09,   855.51
  347.02,   475.85,   604.50
  343.31,   476.97,   729.44
  339.61,   478.08,   854.38
   99.77,   348.16,    98.68
  102.59,   349.07,   223.65
  105.41,   349.97,   348.61
  100.75,   473.15,    97.76
  103.57,   474.06,   222.72
  106.39,   474.96,   347.69
  101.74,   598.15,    96.83
  104.56,   599.05,   221.79
  107.38,   599.96,   346.76
  224.74,   347.16,    95.87
  227.56,   348.06,   220.84
  230.38,   348.97,   345.80
  225.72,   472.15,    94.94
  228.54,   473.06,   219.91
  231.36,   473.96,   344.87
  226.70,   597.14,    94.02
  229.52,   598.05,   218.98
  232.34,   598.95,   343.95
  349.70,   346.15,    93.06
  352.52,   347.06,   218.02
  355.34,   347.96,   342.99
  350.68,   471.15,    92.13
  353.50,   472.05,   217.10
  356.32,   472.96,   342.06
  351.67,   596.14,    91.20
  354.49,   597.04,   216.17
  357.31,   597.95,   341.13
   99.20,   351.92,   223.02
  101.43,   355.57,   347.94
  103.66,   359.23,   472.87
   98.67,   476.86,   219.37
  100.90,   480.52,   344.30
  103.13,   484.18,   469.22
   98.14,   601.81,   215.72
  100.37,   605.47,   340.65
  102.60,   609.12,   465.58
  224.18,   352.38,   220.77
  226.41,   356.04,   345.70
  228.64,   359.69,   470.62
  223.65,   477.33,   217.12
  225.88,   480.98,   342.05
  228.11,   484.64,   466.98
  223.12,   602.27,   213.48
  225.35,   605.93,   338.40
  227.58,   609.58,   463.33
  349.15,   352.84,   218.53
  351.39,   356.50,   343.45
  353.62,   360.16,   468.38
  348.63,   477.79,   214.88
  350.86,   481.45,   339.80
  353.09,   485.10,   464.73
  348.10,   602.74,   211.23
  350.33,   606.39,   336.16
  352.56,   610.05,   461.08
   98.53,   350.50,   348.77
   96.05,   353.58,   473.70
   93.56,   356.66,   598.64
  100.01,   475.45,   345.72
   97.53,   478.53,   470.66
   95.04,   481.61,   595.59
  101.49,   600.41,   342.67
   99.00,   603.49,   467.61
   96.52,   606.56,   592.54
  223.50,   349.08,   351.29
  221.02,   352.16,   476.23
  218.53,   355.24,   601.16
  224.98,   474.04,   348.24
  222.49,   477.12,   473.18
  220.01,   480.19,   598.11
  226.46,   598.99,   345.19
  223.97,   602.07,   470.13
  221.48,   605.15,   595.06
  348.47,   347.67,   353.81
  345.98,   350.75,   478.75
  343.50,   353.82,   603.68
  349.94,   472.62,   350.76
  347.46,   475.70,   475.70
  344.97,   478.78,   600.63
  351.42,   597.58,   347.71
  348.94,   600.65,   472.65
  346.45,   603.73,   597.59
  100.99,   350.16,   474.22
   99.21,   353.75,   599.15
   97.42,   357.35,   724.09
   99.56,   475.10,   470.60
   97.77,   478.69,   595.54
   95.99,   482.29,   720.47
   98.12,   600.04,   466.99
   96.34,   603.63,   591.92
   94.55,   607.23,   716.86
  225.97,   351.65,   475.96
  224.19,   355.24,   600.90
  222.40,   358.84,   725.83
  224.54,   476.59,   472.34
  222.75,   480.18,   597.28
  220.97,   483.78,   722.22
  223.10,   601.53,   468.73
  221.31,   605.12,   593.66
  219.53,   608.72,   718.60
  350.95,   353.13,   477.70
  349.17,   356.73,   602.64
  347.38,   360.32,   727.57
  349.52,   478.07,   474.09
  347.73,   481.67,   599.02
  345.95,   485.26,   723.96
  348.08,   603.01,   470.47
  346.29,   606.61,   595.41
  344.51,   610.20,   720.34
  101.34,   350.22,   601.49
  101.03,   351.00,   726.49
  100.73,   351.78,   851.48
  104.86,   475.17,   600.72
  104.56,   475.95,   725.72
  104.25,   476.73,   850.71
  108.39,   600.12,   599.95
  108.08,   600.90,   724.95
  107.77,   601.67,   849.94
  226.29,   346.70,   601.82
  225.98,   347.48,   726.81
  225.68,   348.26,   851.81
  229.81,   471.65,   601.05
  229.51,   472.43,   726.04
  229.20,   473.21,   851.04
  233.34,   596.60,   600.28
  233.03,   597.38,   725.28
  232.72,   598.15,   850.27
  351.24,   343.18,   602.14
  350.93,   343.96,   727.14
  350.63,   344.74,   852.14
  354.76,   468.13,   601.37
  354.46,   468.91,   726.37
  354.15,   469.68,   851.37
  358.29,   593.08,   600.61
  357.98,   593.85,   725.60
  357.67,   594.63,   850.60
  101.92,   475.24,    99.81
  104.44,   478.32,   224.75
  106.97,   481.41,   349.68
   99.68,   600.18,    96.77
  102.21,   603.27,   221.70
  104.74,   606.35,   346.64
   97.45,   725.12,    93.72
   99.98,   728.21,   218.66
  102.51,   731.30,   343.60
  226.87,   477.41,    97.23
  229.40,   480.49,   222.16
  231.93,   483.58,   347.10
  224.64,   602.35,    94.18
  227.17,   605.44,   219.12
  229.69,   608.52,   344.06
  222.41,   727.29,    91.14
  224.93,   730.38,   216.08
  227.46,   733.47,   341.02
  351.83,   479.58,    94.65
  354.35,   482.66,   219.58
  356.88,   485.75,   344.52
  349.59,   604.52,    91.60
  352.12,   607.61,   216.54
  354.65,   610.69,   341.48
  347.36,   729.46,    88.56
  349.89,   732.55,   213.50
  352.42,   735.64,   338.43
   98.64,   476.88,   226.88
   95.15,   476.56,   351.83
   91.67,   476.24,   476.79
   96.58,   601.86,   227.14
   93.09,   601.55,   352.10
   89.61,   601.23,   477.05
   94.52,   726.85,   227.41
   91.03,   726.53,   352.36
   87.55,   726.21,   477.31
  223.57,   478.93,   230.37
  220.09,   478.61,   355.32
  216.61,   478.30,   480.27
  221.51,   603.92,   230.63
  218.03,   603.60,   355.58
  214.55,   603.28,   480.53
  219.45,   728.90,   230.89
  215.97,   728.58,   355.84
  212.49,   728.26,   480.79
  348.50,   480.98,   233.86
  345.02,   480.67,   358.81
  341.54,   480.35,   483.76
  346.45,   605.97,   234.12
  342.96,   605.65,   359.07
  339.48,   605.33,   484.02
  344.39,   730.95,   234.38
  340.90,   730.63,   359.33
  337.42,   730.31,   484.28
   98.66,   476.91,   348.98
   95.83,   479.35,   473.93
   93.00,   481.80,   598.87
   96.99,   601.87,   346.50
   94.16,   604.32,   471.45
   91.33,   606.76,   596.39
   95.33,   726.84,   344.02
   92.50,   729.28,   468.96
   89.67,   731.73,   593.91
  223.62,   478.63,   351.78
  220.78,   481.07,   476.73
  217.95,   483.52,   601.67
  221.95,   603.59,   349.30
  219.12,   606.04,   474.24
  216.29,   608.48,   599.19
  220.29,   728.56,   346.82
  217.45,   731.00,   471.76
  214.62,   733.45,   596.70
  348.57,   480.35,   354.58
  345.74,   482.79,   479.52
  342.91,   485.24,   604.47
  346.91,   605.31,   352.10
  344.08,   607.76,   477.04
  341.25,   610.20,   601.98
  345.24,   730.28,   349.61
  342.41,   732.72,   474.56
  339.58,   735.17,   599.50
  101.81,   475.06,   473.22
  100.65,   473.27,   598.21
   99.48,   471.49,   723.19
  103.23,   600.04,   475.02
  102.07,   598.25,   600.01
  100.91,   596.46,   724.99
  104.65,   725.02,   476.82
  103.49,   723.23,   601.81
  102.33,   721.44,   726.79
  226.79,   473.62,   474.37
  225.63,   471.83,   599.35
  224.47,   470.05,   724.33
  228.22,   598.60,   476.17
  227.05,   596.81,   601.15
  225.89,   595.03,   726.13
  229.64,   723.58,   477.97
  228.48,   721.79,   602.95
  227.31,   720.00,   727.93
  351.78,   472.18,   475.51
  350.62,   470.40,   600.49
  349.46,   468.61,   725.47
  353.20,   597.16,   477.31
  352.04,   595.37,   602.29
  350.88,   593.59,   727.27
  354.63,   722.14,   479.11
  353.46,   720.35,   604.09
  352.30,   718.57,   729.07
   99.97,   474.98,   599.21
   98.54,   473.82,   724.20
   97.10,   472.66,   849.18
   98.09,   599.96,   600.35
   96.66,   598.80,   725.33
   95.22,   597.64,   850.32
   96.21,   724.94,   601.48
   94.77,   723.78,   726.47
   93.34,   722.62,   851.46
  224.95,   476.84,   600.67
  223.51,   475.69,   725.65
  222.08,   474.53,   850.64
  223.07,   601.82,   601.80
  221.63,   600.67,   726.79
  220.20,   599.51,   851.77
  221.19,   726.80,   602.94
  219.75,   725.65,   727.92
  218.31,   724.49,   852.91
  349.93,   478.71,   602.12
  348.49,   477.55,   727.11
  347.06,   476.40,   852.09
  348.05,   603.69,   603.26
  346.61,   602.53,   728.24
  345.17,   601.38,   853.23
  346.17,   728.67,   604.39
  344.73,   727.51,   729.38
  343.29,   726.36,   854.37
  100.66,   601.77,   100.55
   99.14,   603.24,   225.53
   97.61,   604.70,   350.51
  101.37,   726.76,    99.09
   99.85,   728.23,   224.07
   98.32,   729.69,   349.05
  102.08,   851.75,    97.63
  100.56,   853.21,   222.61
   99.03,   854.68,   347.59
  225.65,   601.08,   102.08
  224.13,   602.54,   227.06
  222.60,   604.01,   352.05
  226.36,   726.07,   100.62
  224.84,   727.53,   225.61
  223.31,   729.00,   350.59
  227.07,   851.06,    99.17
  225.55,   852.52,   224.15
  224.02,   853.99,   349.13
  350.64,   600.38,   103.62
  349.11,   601.85,   228.60
  347.59,   603.32,   353.58
  351.35,   725.37,   102.16
  349.82,   726.84,   227.14
  348.30,   728.31,   352.12
  352.06,   850.36,   100.70
  350.53,   851.83,   225.68
  349.01,   853.30,   350.66
  100.30,   599.41,   225.44
  102.03,   600.86,   350.42
  103.76,   602.32,   475.40
   98.05,   724.38,   224.01
   99.78,   725.83,   348.99
  101.52,   727.29,   473.97
   95.80,   849.35,   222.59
   97.54,   850.81,   347.57
   99.27,   852.26,   472.55
  225.27,   601.64,   223.68
  227.00,   603.09,   348.66
  228.73,   604.55,   473.64
  223.02,   726.61,   222.26
  224.75,   728.06,   347.24
  226.48,   729.52,   472.22
  220.77,   851.58,   220.83
  222.50,   853.03,   345.81
  224.24,   854.49,   470.79
  350.23,   603.86,   221.92
  351.97,   605.32,   346.90
  353.70,   606.77,   471.88
  347.99,   728.83,   220.50
  349.72,   730.29,   345.48
  351.45,   731.74,   470.46
  345.74,   853.81,   219.07
  347.47,   855.26,   344.05
  349.20,   856.72,   469.03
  100.63,   600.80,   351.61
  101.77,   597.71,   476.56
  102.90,   594.62,   601.52
  103.52,   725.73,   354.67
  104.65,   722.64,   479.63
  105.78,   719.55,   604.58
  106.41,   850.66,   357.73
  107.54,   847.57,   482.69
  108.67,   844.48,   607.64
  225.60,   597.94,   350.41
  226.73,   594.85,   475.36
  227.86,   591.77,   600.32
  228.48,   722.87,   353.47
  229.61,   719.78,   478.42
  230.74,   716.70,   603.38
  231.37,   847.80,   356.53
  232.50,   844.71,   481.49
  233.63,   841.62,   606.44
  350.56,   595.09,   349.20
  351.69,   592.00,   474.16
  352.82,   588.91,   599.12
  353.44,   720.02,   352.26
  354.57,   716.93,   477.22
  355.71,   713.84,   602.18
  356.33,   844.95,   355.33
  357.46,   841.86,   480.28
  358.59,   838.77,   605.24
   98.04,   598.78,   476.91
   96.28,   596.31,   601.87
   94.51,   593.84,   726.84
   98.68,   723.75,   479.39
   96.92,   721.28,   604.35
   95.15,   718.81,   729.31
   99.33,   848.72,   481.86
   97.56,   846.25,   606.83
   95.79,   843.79,   731.79
  223.03,   598.10,   478.66
  221.26,   595.63,   603.63
  219.50,   593.16,   728.59
  223.67,   723.07,   481.14
  221.90,   720.60,   606.10
  220.14,   718.14,   731.07
  224.31,   848.05,   483.62
  222.54,   845.58,   608.58
  220.78,   843.11,   733.54
  348.01,   597.42,   480.42
  346.25,   594.95,   605.38
  344.48,   592.49,   730.34
  348.66,   722.40,   482.89
  346.89,   719.93,   607.86
  345.12,   717.46,   732.82
  349.30,   847.37,   485.37
  347.53,   844.90,   610.33
  345.76,   842.43,   735.30
  101.41,   599.29,   599.77
  103.75,   599.90,   724.75
  106.08,   600.52,   849.72
  103.68,   724.27,   599.11
  106.02,   724.88,   724.09
  108.36,   725.49,   849.07
  105.95,   849.24,   598.46
  108.29,   849.86,   723.43
  110.63,   850.47,   848.41
  226.37,   597.00,   597.45
  228.71,   597.62,   722.42
  231.04,   598.23,   847.40
  228.64,   721.98,   596.79
  230.98,   722.60,   721.77
  233.31,   723.21,   846.74
  230.91,   846.96,   596.13
  233.25,   847.57,   721.11
  235.58,   848.19,   846.09
  351.33,   594.72,   595.12
  353.66,   595.34,   720.10
  356.00,   595.95,   845.07
  353.60,   719.70,   594.46
  355.93,   720.31,   719.44
  358.27,   720.93,   844.42
  355.87,   844.68,   593.81
  358.21,   845.29,   718.78
  360.54,   845.91,   843.76
  225.22,   101.81,    99.94
  226.08,   104.13,   224.92
  226.94,   106.45,   349.89
  225.98,   226.79,    97.62
  226.83,   229.11,   222.59
  227.69,   231.43,   347.57
  226.73,   351.76,    95.29
  227.59,   354.08,   220.27
  228.45,   356.40,   345.24
  350.22,   101.04,    99.10
  351.07,   103.36,   224.07
  351.93,   105.68,   349.05
  350.97,   226.02,    96.77
  351.83,   228.33,   221.75
  352.69,   230.65,   346.72
  351.73,   350.99,    94.45
  352.58,   353.31,   219.42
  353.44,   355.63,   344.40
  475.21,   100.27,    98.25
  476.07,   102.59,   223.23
  476.93,   104.91,   348.20
  475.97,   225.24,    95.93
  476.82,   227.56,   220.90
  477.68,   229.88,   345.88
  476.72,   350.22,    93.60
  477.58,   352.54,   218.58
  478.44,   354.86,   343.56
  225.24,    99.15,   226.02
  222.45,    99.18,   350.99
  219.67,    99.21,   475.96
  226.15,   224.15,   226.01
  223.37,   224.18,   350.98
  220.59,   224.21,   475.95
  227.07,   349.14,   226.00
  224.29,   349.18,   350.96
  221.50,   349.21,   475.93
  350.20,    98.23,   228.80
  347.42,    98.27,   353.77
  344.64,    98.30,   478.74
  351.12,   223.23,   228.79
  348.34,   223.26,   353.76
  345.55,   223.30,   478.73
  352.03,   348.23,   228.78
  349.25,   348.26,   353.75
  346.47,   348.29,   478.72
  475.17,    97.32,   231.58
  472.39,    97.35,   356.55
  469.60,    97.38,   481.52
  476.08,   222.32,   231.57
  473.30,   222.35,   356.54
  470.52,   222.38,   481.51
  477.00,   347.31,   231.56
  474.22,   347.34,   356.53
  471.44,   347.38,   481.50
  224.89,   101.91,   350.11
  224.93,    98.80,   475.07
  224.98,    95.69,   600.03
  227.52,   226.84,   353.21
  227.57,   223.73,   478.18
  227.61,   220.63,   603.14
  230.16,   351.78,   356.32
  230.20,   348.67,   481.28
  230.25,   345.56,   606.24
  349.86,    99.28,   350.00
  349.90,    96.17,   474.96
  349.95,    93.06,   599.92
  352.49,   224.21,   353.10
  352.54,   221.10,   478.06
  352.58,   217.99,   603.03
  355.13,   349.14,   356.21
  355.17,   346.04,   481.17
  355.22,   342.93,   606.13
  474.83,    96.64,   349.88
  474.88,    93.54,   474.85
  474.92,    90.43,   599.81
  477.47,   221.58,   352.99
  477.51,   218.47,   477.95
  477.56,   215.36,   602.91
  480.10,   346.51,   356.10
  480.15,   343.40,   481.06
  480.19,   340.29,   606.02
  224.32,    98.82,   475.24
  223.42,    95.90,   600.20
  222.53,    92.98,   725.17
  225.84,   223.77,   478.17
  224.95,   220.86,   603.13
  224.06,   217.94,   728.09
  227.37,   348.73,   481.09
  226.47,   345.81,   606.06
  225.58,   342.90,   731.02
  349.30,    97.27,   476.10
  348.41,    94.35,   601.06
  347.52,    91.44,   726.02
  350.83,   222.23,   479.02
  349.94,   219.31,   603.99
  349.04,   216.39,   728.95
  352.35,   347.18,   481.95
  351.46,   344.27,   606.91
  350.57,   341.35,   731.88
  474.29,    95.72,   476.95
  473.40,    92.81,   601.92
  472.51,    89.89,   726.88
  475.82,   220.68,   479.88
  474.92,   217.76,   604.84
  474.03,   214.85,   729.81
  477.34,   345.64,   482.81
  476.45,   342.72,   607.77
  475.56,   339.80,   732.73
  226.41,   101.40,   600.16
  228.80,    99.87,   725.13
  231.18,    98.34,   850.10
  227.82,   226.38,   601.66
  230.20,   224.85,   726.63
  232.59,   223.33,   851.60
  229.22,   351.36,   603.16
  231.61,   349.84,   728.13
  234.00,   348.31,   853.10
  351.38,   100.02,   597.76
  353.77,    98.49,   722.73
  356.15,    96.97,   847.69
  352.79,   225.00,   599.26
  355.17,   223.47,   724.22
  357.56,   221.95,   849.19
  354.19,   349.98,   600.76
  356.58,   348.46,   725.72
  358.97,   346.93,   850.69
  476.35,    98.64,   595.35
  478.73,    97.11,   720.32
  481.12,    95.59,   845.29
  477.75,   223.62,   596.85
  480.14,   222.10,   721.82
  482.53,   220.57,   846.79
  479.16,   348.60,   598.35
  481.55,   347.08,   723.32
  483.94,   345.55,   848.29
  226.34,   226.49,    99.12
  229.38,   224.91,   224.08
  232.42,   223.34,   349.03
  229.50,   351.44,   100.62
  232.54,   349.86,   225.57
  235.58,   348.29,   350.53
  232.66,   476.39,   102.12
  235.71,   474.81,   227.07
  238.75,   473.24,   352.02
  351.26,   223.36,    96.04
  354.30,   221.79,   221.00
  357.35,   220.21,   345.95
  354.43,   348.31,    97.54
  357.47,   346.74,   222.49
  360.51,   345.17,   347.45
  357.59,   473.26,    99.04
  360.63,   471.69,   223.99
  363.67,   470.12,   348.94
  476.19,   220.24,    92.96
  479.23,   218.66,   217.92
  482.27,   217.09,   342.87
  479.35,   345.19,    94.46
  482.39,   343.62,   219.41
  485.43,   342.04,   344.37
  482.51,   470.14,    95.96
  485.55,   468.57,   220.91
  488.59,   466.99,   345.86
  223.79,   224.66,   223.57
  221.49,   221.30,   348.50
  219.19,   217.95,   473.44
  227.16,   349.57,   226.99
  224.86,   346.21,   351.92
  222.56,   342.85,   476.86
  230.52,   474.47,   230.41
  228.22,   471.12,   355.34
  225.92,   467.76,   480.27
  348.72,   221.23,   225.78
  346.42,   217.87,   350.71
  344.12,   214.52,   475.65
  352.09,   346.14,   229.20
  349.79,   342.78,   354.13
  347.49,   339.43,   479.06
  355.46,   471.05,   232.61
  353.16,   467.69,   357.55
  350.86,   464.33,   482.48
  473.66,   217.80,   227.99
  471.36,   214.45,   352.92
  469.06,   211.09,   477.85
  477.02,   342.71,   231.40
  474.72,   339.35,   356.34
  472.42,   336.00,   481.27
  480.39,   467.62,   234.82
  478.09,   464.26,   359.76
  475.79,   460.90,   484.69
  223.94,   225.99,   349.21
  226.91,   228.41,   474.15
  229.88,   230.83,   599.09
  223.66,   350.97,   346.79
  226.63,   353.39,   471.74
  229.60,   355.80,   596.68
  223.37,   475.95,   344.38
  226.34,   478.36,   469.32
  229.31,   480.78,   594.27
  348.91,   226.22,   346.23
  351.88,   228.64,   471.17
  354.85,   231.06,   596.11
  348.62,   351.20,   343.82
  351.59,   353.62,   468.76
  354.56,   356.03,   593.70
  348.33,   476.18,   341.41
  351.30,   478.59,   466.35
  354.27,   481.01,   591.29
  473.87,   226.45,   343.25
  476.84,   228.87,   468.20
  479.81,   231.29,   593.14
  473.58,   351.43,   340.84
  476.56,   353.85,   465.78
  479.53,   356.26,   590.73
  473.30,   476.41,   338.43
  476.27,   478.82,   463.37
  479.24,   481.24,   588.31
  224.78,   223.03,   473.93
  226.40,   223.96,   598.91
  228.01,   224.88,   723.90
  221.84,   347.99,   473.04
  223.46,   348.92,   598.03
  225.08,   349.84,   723.01
  218.91,   472.96,   472.16
  220.52,   473.88,   597.14
  222.14,   474.80,   722.13
  349.73,   225.96,   472.29
  351.35,   226.88,   597.27
  352.97,   227.80,   722.26
  346.80,   350.92,   471.40
  348.41,   351.84,   596.39
  350.03,   352.77,   721.38
  343.86,   475.88,   470.52
  345.48,   476.80,   595.50
  347.10,   477.73,   720.49
  474.69,   228.88,   470.65
  476.31,   229.80,   595.64
  477.92,   230.73,   720.62
  471.75,   353.84,   469.76
  473.37,   354.77,   594.75
  474.99,   355.69,   719.74
  468.82,   478.80,   468.88
  470.43,   479.73,   593.87
  472.05,   480.65,   718.85
  223.26,   224.43,   598.90
  226.07,   227.45,   723.84
  228.87,   230.46,   848.77
  221.00,   349.38,   595.94
  223.80,   352.39,   720.87
  226.61,   355.41,   845.80
  218.73,   474.32,   592.97
  221.54,   477.34,   717.90
  224.34,   480.35,   842.84
  348.21,   226.63,   596.04
  351.02,   229.65,   720.98
  353.82,   232.66,   845.91
  345.94,   351.57,   593.08
  348.75,   354.59,   718.01
  351.56,   357.61,   842.94
  343.68,   476.52,   590.11
  346.48,   479.53,   715.05
  349.29,   482.55,   839.98
  473.16,   228.83,   593.18
  475.96,   231.84,   718.12
  478.77,   234.86,   843.05
  470.89,   353.77,   590.22
  473.70,   356.79,   715.15
  476.50,   359.80,   840.08
  468.63,   478.72,   587.25
  471.43,   481.73,   712.19
  474.24,   484.75,   837.12
  224.26,   351.70,    99.24
  227.10,   352.12,   224.21
  229.94,   352.53,   349.17
  222.01,   476.68,    98.88
  224.85,   477.10,   223.84
  227.70,   477.51,   348.81
  219.76,   601.66,    98.51
  222.60,   602.08,   223.48
  225.45,   602.49,   348.45
  349.21,   353.94,    96.39
  352.05,   354.36,   221.36
  354.89,   354.77,   346.32
  346.96,   478.92,    96.03
  349.80,   479.34,   220.99
  352.64,   479.75,   345.96
  344.71,   603.90,    95.66
  347.55,   604.32,   220.63
  350.39,   604.73,   345.60
  474.16,   356.18,    93.54
  477.00,   356.60,   218.51
  479.84,   357.01,   343.48
  471.91,   481.16,    93.18
  474.75,   481.58,   218.14
  477.59,   481.99,   343.11
  469.66,   606.14,    92.81
  472.50,   606.56,   217.78
  475.34,   606.97,   342.75
  224.63,   348.22,   223.83
  223.23,   348.87,   348.83
  221.83,   349.53,   473.82
  221.03,   473.16,   223.14
  219.63,   473.82,   348.13
  218.23,   474.47,   473.12
  217.43,   598.11,   222.44
  216.04,   598.77,   347.43
  214.64,   599.42,   472.42
  349.57,   351.82,   225.21
  348.17,   352.48,   350.20
  346.77,   353.13,   475.20
  345.97,   476.77,   224.52
  344.57,   477.42,   349.51
  343.17,   478.08,   474.50
  342.38,   601.71,   223.82
  340.98,   602.37,   348.81
  339.58,   603.02,   473.80
  474.51,   355.42,   226.59
  473.11,   356.08,   351.58
  471.71,   356.74,   476.57
  470.91,   480.37,   225.90
  469.51,   481.03,   350.89
  468.11,   481.68,   475.88
  467.32,   605.32,   225.20
  465.92,   605.97,   350.19
  464.52,   606.63,   475.18
  224.41,   350.55,   350.69
  226.03,   352.25,   475.67
  227.66,   353.96,   600.65
  227.09,   475.51,   348.95
  228.72,   477.21,   473.93
  230.34,   478.92,   598.91
  229.77,   600.47,   347.22
  231.40,   602.17,   472.19
  233.02,   603.87,   597.17
  349.37,   347.85,   349.11
  350.99,   349.55,   474.08
  352.62,   351.25,   599.06
  352.05,   472.81,   347.37
  353.68,   474.51,   472.35
  355.30,   476.21,   597.32
  354.74,   597.76,   345.63
  356.36,   599.47,   470.61
  357.98,   601.17,   595.59
  474.33,   345.14,   347.52
  475.96,   346.84,   472.50
  477.58,   348.55,   597.48
  477.01,   470.10,   345.78
  478.64,   471.80,   470.76
  480.26,   473.51,   595.74
  479.70,   595.06,   344.04
  481.32,   596.76,   469.02
  482.94,   598.47,   594.00
  226.48,   351.60,   475.65
  225.90,   348.68,   600.62
  225.32,   345.75,   725.58
  230.01,   476.52,   478.59
  229.43,   473.59,   603.56
  228.85,   470.67,   728.52
  233.54,   601.43,   481.53
  232.96,   598.51,   606.50
  232.38,   595.58,   731.46
  351.43,   348.06,   476.15
  350.85,   345.13,   601.12
  350.27,   342.21,   726.08
  354.96,   472.97,   479.09
  354.38,   470.05,   604.06
  353.80,   467.12,   729.02
  358.49,   597.89,   482.03
  357.91,   594.96,   607.00
  357.33,   592.04,   731.96
  476.38,   344.51,   476.65
  475.80,   341.59,   601.61
  475.21,   338.66,   726.58
  479.91,   469.43,   479.59
  479.33,   466.51,   604.56
  478.75,   463.58,   729.52
  483.44,   594.35,   482.53
  482.86,   591.42,   607.50
  482.28,   588.50,   732.46
  223.93,   349.58,   600.36
  225.40,   350.40,   725.34
  226.87,   351.23,   850.33
  221.55,   474.55,   599.56
  223.02,   475.38,   724.54
  224.49,   476.20,   849.53
  219.16,   599.53,   598.76
  220.63,   600.35,   723.75
  222.10,   601.18,   848.73
  348.90,   351.95,   598.87
  350.37,   352.78,   723.86
  351.84,   353.61,   848.85
  346.52,   476.93,   598.07
  347.99,   477.75,   723.06
  349.46,   478.58,   848.05
  344.13,   601.90,   597.27
  345.60,   602.73,   722.26
  347.07,   603.56,   847.25
  473.87,   354.33,   597.39
  475.34,   355.15,   722.38
  476.81,   355.98,   847.36
  471.49,   479.30,   596.59
  472.96,   480.13,   721.58
  474.42,   480.96,   846.57
  469.10,   604.28,   595.79
  470.57,   605.10,   720.78
  472.04,   605.93,   845.77
  224.97,   474.27,    99.69
  221.94,   472.68,   224.64
  218.91,   471.09,   349.60
  221.36,   599.21,   101.20
  218.33,   597.62,   226.15
  215.30,   596.02,   351.10
  217.75,   724.15,   102.70
  214.72,   722.56,   227.66
  211.69,   720.96,   352.61
  349.88,   477.85,   102.76
  346.85,   476.25,   227.72
  343.82,   474.66,   352.67
  346.27,   602.79,   104.27
  343.24,   601.19,   229.22
  340.21,   599.60,   354.18
  342.66,   727.73,   105.78
  339.63,   726.13,   230.73
  336.60,   724.54,   355.68
  474.79,   481.42,   105.84
  471.76,   479.83,   230.79
  468.74,   478.23,   355.74
  471.18,   606.36,   107.34
  468.15,   604.77,   232.30
  465.12,   603.17,   357.25
  467.57,   731.30,   108.85
  464.54,   729.71,   233.80
  461.51,   728.11,   358.76
  223.46,   476.08,   224.92
  221.60,   477.02,   349.90
  219.73,   477.95,   474.89
  224.60,   601.07,   224.00
  222.74,   602.01,   348.99
  220.87,   602.94,   473.97
  225.74,   726.07,   223.09
  223.88,   727.00,   348.07
  222.01,   727.93,   473.05
  348.44,   474.96,   226.79
  346.58,   475.89,   351.78
  344.71,   476.82,   476.76
  349.58,   599.95,   225.88
  347.72,   600.88,   350.86
  345.85,   601.82,   475.84
  350.72,   724.94,   224.96
  348.86,   725.87,   349.94
  346.99,   726.81,   474.93
  473.42,   473.83,   228.67
  471.56,   474.76,   353.65
  469.69,   475.70,   478.63
  474.56,   598.82,   227.75
  472.70,   599.75,   352.73
  470.83,   600.69,   477.72
  475.70,   723.81,   226.83
  473.84,   724.75,   351.82
  471.97,   725.68,   476.80
  223.41,   473.03,   349.72
  221.76,   471.71,   474.70
  220.12,   470.40,   599.69
  222.33,   598.02,   351.02
  220.68,   596.70,   476.00
  219.04,   595.39,   600.99
  221.25,   723.00,   352.32
  219.61,   721.69,   477.30
  217.96,   720.38,   602.29
  348.39,   474.09,   351.38
  346.75,   472.78,   476.36
  345.10,   471.46,   601.34
  347.31,   599.08,   352.68
  345.67,   597.76,   477.66
  344.02,   596.45,   602.64
  346.23,   724.07,   353.98
  344.59,   722.75,   478.96
  342.94,   721.44,   603.94
  473.38,   475.15,   353.03
  471.73,   473.84,   478.02
  470.09,   472.52,   603.00
  472.30,   600.14,   354.33
  470.65,   598.83,   479.32
  469.01,   597.51,   604.30
  471.22,   725.13,   355.63
  469.57,   723.81,   480.62
  467.93,   722.50,   605.60
  225.91,   475.34,   475.27
  224.70,   472.55,   600.24
  223.50,   469.76,   725.20
  226.27,   600.31,   478.07
  225.07,   597.52,   603.03
  223.87,   594.73,   728.00
  226.64,   725.28,   480.86
  225.44,   722.49,   605.83
  224.23,   719.70,   730.79
  350.90,   474.95,   476.47
  349.70,   472.16,   601.43
  348.49,   469.37,   726.40
  351.27,   599.92,   479.27
  350.06,   597.13,   604.23
  348.86,   594.33,   729.19
  351.64,   724.88,   482.06
  350.43,   722.09,   607.02
  349.23,   719.30,   731.99
  475.89,   474.55,   477.67
  474.69,   471.76,   602.63
  473.49,   468.97,   727.59
  476.26,   599.52,   480.46
  475.06,   596.73,   605.42
  473.85,   593.94,   730.39
  476.63,   724.49,   483.26
  475.42,   721.70,   608.22
  474.22,   718.91,   733.18
  225.42,   475.88,   598.65
  224.05,   476.10,   723.64
  222.69,   476.33,   848.63
  225.30,   600.88,   598.42
  223.93,   601.10,   723.41
  222.57,   601.33,   848.41
  225.18,   725.88,   598.20
  223.82,   726.10,   723.19
  222.45,   726.33,   848.18
  350.41,   476.00,   600.01
  349.05,   476.22,   725.00
  347.68,   476.45,   849.99
  350.29,   601.00,   599.78
  348.93,   601.22,   724.78
  347.56,   601.45,   849.77
  350.17,   726.00,   599.56
  348.81,   726.22,   724.55
  347.45,   726.45,   849.54
  475.40,   476.12,   601.37
  474.04,   476.34,   726.36
  472.67,   476.57,   851.36
  475.28,   601.12,   601.15
  473.92,   601.34,   726.14
  472.56,   601.57,   851.13
  475.16,   726.12,   600.92
  473.80,   726.34,   725.91
  472.44,   726.57,   850.91
  223.50,   598.99,   100.30
  225.49,   598.10,   225.28
  227.49,   597.22,   350.26
  226.24,   723.96,   101.15
  228.23,   723.07,   226.13
  230.23,   722.18,   351.11
  228.98,   848.93,   101.99
  230.97,   848.04,   226.97
  232.96,   847.15,   351.96
  348.46,   596.27,    98.29
  350.45,   595.38,   223.27
  352.44,   594.49,   348.25
  351.19,   721.24,    99.14
  353.19,   720.35,   224.12
  355.18,   719.46,   349.10
  353.93,   846.20,    99.98
  355.92,   845.32,   224.96
  357.92,   844.43,   349.94
  473.41,   593.55,    96.28
  475.40,   592.66,   221.26
  477.40,   591.77,   346.24
  476.15,   718.51,    97.12
  478.14,   717.62,   222.10
  480.13,   716.73,   347.09
  478.89,   843.48,    97.97
  480.88,   842.59,   222.95
  482.87,   841.70,   347.93
  225.95,   599.57,   223.68
  226.00,   601.85,   348.66
  226.05,   604.12,   473.64
  223.18,   724.52,   221.40
  223.23,   726.79,   346.38
  223.27,   729.07,   471.36
  220.40,   849.47,   219.13
  220.45,   851.74,   344.11
  220.50,   854.02,   469.09
  350.92,   602.34,   223.58
  350.97,   604.62,   348.56
  351.02,   606.89,   473.54
  348.15,   727.29,   221.31
  348.20,   729.57,   346.29
  348.24,   731.84,   471.26
  345.37,   852.24,   219.03
  345.42,   854.52,   344.01
  345.47,   856.79,   468.99
  475.89,   605.12,   223.48
  475.94,   607.39,   348.46
  475.99,   609.67,   473.44
  473.12,   730.07,   221.21
  473.16,   732.34,   346.19
  473.21,   734.62,   471.17
  470.34,   855.01,   218.94
  470.39,   857.29,   343.91
  470.44,   859.57,   468.89
  223.38,   600.23,   348.60
  223.78,   602.97,   473.57
  224.17,   605.70,   598.54
  223.32,   725.20,   345.87
  223.71,   727.94,   470.84
  224.11,   730.67,   595.81
  223.25,   850.17,   343.14
  223.65,   852.91,   468.11
  224.04,   855.64,   593.08
  348.38,   600.29,   348.20
  348.78,   603.02,   473.17
  349.17,   605.76,   598.14
  348.31,   725.26,   345.47
  348.71,   727.99,   470.44
  349.11,   730.73,   595.41
  348.25,   850.23,   342.74
  348.65,   852.96,   467.71
  349.04,   855.70,   592.68
  473.38,   600.35,   347.81
  473.78,   603.08,   472.78
  474.17,   605.81,   597.75
  473.31,   725.32,   345.07
  473.71,   728.05,   470.04
  474.11,   730.78,   595.01
  473.25,   850.29,   342.34
  473.65,   853.02,   467.31
  474.04,   855.75,   592.28
  226.38,   601.42,   476.30
  225.08,   600.54,   601.29
  223.79,   599.66,   726.28
  224.74,   726.40,   477.16
  223.45,   725.52,   602.15
  222.15,   724.64,   727.14
  223.10,   851.39,   478.03
  221.81,   850.51,   603.02
  220.51,   849.63,   728.01
  351.36,   603.04,   477.61
  350.07,   602.17,   602.60
  348.77,   601.29,   727.59
  349.73,   728.03,   478.47
  348.43,   727.15,   603.46
  347.13,   726.27,   728.45
  348.09,   853.02,   479.33
  346.79,   852.14,   604.32
  345.50,   851.26,   729.31
  476.35,   604.67,   478.92
  475.05,   603.79,   603.91
  473.75,   602.92,   728.90
  474.71,   729.66,   479.78
  473.41,   728.78,   604.77
  472.12,   727.90,   729.76
  473.07,   854.65,   480.64
  471.77,   853.77,   605.63
  470.48,   852.89,   730.62
  225.32,   600.37,   600.68
  225.99,   598.45,   725.67
  226.65,   596.53,   850.65
  227.37,   725.34,   602.59
  228.03,   723.42,   727.57
  228.69,   721.50,   852.56
  229.42,   850.31,   604.50
  230.08,   848.39,   729.48
  230.74,   846.47,   854.46
  350.31,   598.33,   599.99
  350.97,   596.41,   724.97
  351.63,   594.50,   849.96
  352.35,   723.30,   601.90
  353.01,   721.38,   726.88
  353.67,   719.46,   851.86
  354.40,   848.27,   603.80
  355.06,   846.35,   728.79
  355.72,   844.43,   853.77
  475.29,   596.30,   599.30
  475.95,   594.38,   724.28
  476.61,   592.46,   849.26
  477.33,   721.27,   601.21
  477.99,   719.35,   726.19
  478.66,   717.43,   851.17
  479.38,   846.23,   603.11
  480.04,   844.32,   728.10
  480.70,   842.40,   853.08
  350.95,    98.38,    99.00
  347.58,   101.76,   223.90
  344.20,   105.15,   348.81
  352.83,   223.32,    95.66
  349.45,   226.71,   220.57
  346.08,   230.09,   345.48
  354.70,   348.26,    92.33
  351.33,   351.65,   217.24
  347.95,   355.03,   342.15
  475.89,    96.60,   102.42
  472.52,    99.98,   227.33
  469.14,   103.36,   352.24
  477.77,   221.54,    99.09
  474.39,   224.92,   224.00
  471.02,   228.30,   348.91
  479.64,   346.48,    95.76
  476.27,   349.86,   220.67
  472.89,   353.24,   345.58
  600.83,    94.81,   105.85
  597.46,    98.19,   230.76
  594.08,   101.58,   355.66
  602.71,   219.75,   102.52
  599.33,   223.14,   227.42
  595.96,   226.52,   352.33
  604.59,   344.70,    99.18
  601.21,   348.08,   224.09
  597.83,   351.46,   349.00
  350.65,    98.50,   223.65
  352.34,    97.51,   348.64
  354.03,    96.53,   473.62
  347.43,   223.45,   224.68
  349.11,   222.47,   349.66
  350.80,   221.48,   474.65
  344.20,   348.40,   225.70
  345.89,   347.42,   350.69
  347.57,   346.44,   475.67
  475.60,   101.74,   221.99
  477.29,   100.75,   346.98
  478.98,    99.77,   471.96
  472.37,   226.69,   223.02
  474.06,   225.71,   348.00
  475.75,   224.73,   472.99
  469.15,   351.64,   224.04
  470.83,   350.66,   349.03
  472.52,   349.68,   474.01
  600.55,   104.98,   220.33
  602.24,   104.00,   345.31
  603.92,   103.01,   470.30
  597.32,   229.93,   221.36
  599.01,   228.95,   346.34
  600.69,   227.97,   471.32
  594.09,   354.89,   222.38
  595.78,   353.90,   347.37
  597.47,   352.92,   472.35
  348.60,   100.43,   350.03
  351.72,   102.51,   474.98
  354.83,   104.59,   599.92
  350.52,   225.40,   347.90
  353.63,   227.48,   472.85
  356.75,   229.56,   597.79
  352.44,   350.37,   345.78
  355.55,   352.45,   470.72
  358.67,   354.52,   595.66
  473.55,    98.46,   346.95
  476.66,   100.54,   471.90
  479.77,   102.62,   596.84
  475.47,   223.43,   344.82
  478.58,   225.51,   469.77
  481.69,   227.59,   594.71
  477.39,   348.39,   342.70
  480.50,   350.47,   467.64
  483.61,   352.55,   592.59
  598.50,    96.49,   343.87
  601.61,    98.57,   468.82
  604.72,   100.65,   593.76
  600.41,   221.46,   341.74
  603.53,   223.53,   466.69
  606.64,   225.61,   591.63
  602.33,   346.42,   339.62
  605.45,   348.50,   464.56
  608.56,   350.58,   589.51
  350.59,   101.05,   473.43
  348.75,    98.68,   598.40
  346.90,    96.32,   723.36
  347.53,   225.99,   475.75
  345.69,   223.62,   600.71
  343.84,   221.26,   725.68
  344.47,   350.93,   478.07
  342.62,   348.57,   603.03
  340.78,   346.20,   728.00
  475.54,   104.07,   475.33
  473.70,   101.71,   600.30
  471.85,    99.35,   725.26
  472.48,   229.01,   477.65
  470.63,   226.65,   602.62
  468.79,   224.29,   727.58
  469.42,   353.96,   479.97
  467.57,   351.59,   604.93
  465.73,   349.23,   729.90
  600.49,   107.10,   477.23
  598.65,   104.74,   602.20
  596.80,   102.37,   727.16
  597.43,   232.04,   479.55
  595.58,   229.68,   604.52
  593.74,   227.31,   729.48
  594.37,   356.98,   481.87
  592.52,   354.62,   606.83
  590.68,   352.25,   731.80
  350.71,    98.64,   600.18
  348.66,    97.86,   725.16
  346.61,    97.09,   850.14
  351.82,   223.63,   600.97
  349.77,   222.86,   725.95
  347.72,   222.08,   850.93
  352.93,   348.62,   601.76
  350.88,   347.85,   726.74
  348.83,   347.07,   851.72
  475.69,    97.51,   602.22
  473.64,    96.74,   727.20
  471.59,    95.97,   852.18
  476.80,   222.51,   603.01
  474.75,   221.73,   727.99
  472.70,   220.96,   852.97
  477.91,   347.50,   603.80
  475.86,   346.73,   728.78
  473.81,   345.95,   853.76
  600.67,    96.39,   604.26
  598.62,    95.62,   729.24
  596.57,    94.84,   854.22
  601.78,   221.38,   605.05
  599.73,   220.61,   730.03
  597.68,   219.84,   855.02
  602.89,   346.38,   605.85
  600.84,   345.60,   730.83
  598.79,   344.83,   855.81
  349.48,   226.37,    98.73
  351.08,   224.87,   223.71
  352.67,   223.36,   348.69
  349.76,   351.36,   100.23
  351.36,   349.86,   225.21
  352.95,   348.36,   350.19
  350.04,   476.35,   101.73
  351.64,   474.85,   226.71
  353.23,   473.35,   351.69
  474.47,   226.10,    97.13
  476.07,   224.60,   222.12
  477.66,   223.10,   347.10
  474.75,   351.09,    98.63
  476.35,   349.59,   223.61
  477.94,   348.09,   348.59
  475.03,   476.09,   100.13
  476.63,   474.58,   225.11
  478.22,   473.08,   350.09
  599.46,   225.84,    95.54
  601.05,   224.34,   220.52
  602.65,   222.84,   345.50
  599.74,   350.83,    97.03
  601.34,   349.33,   222.01
  602.93,   347.83,   346.99
  600.02,   475.82,    98.53
  601.62,   474.32,   223.51
  603.21,   472.82,   348.49
  350.34,   226.62,   223.64
  351.93,   223.37,   348.59
  353.52,   220.12,   473.54
  353.18,   351.55,   226.86
  354.77,   348.30,   351.80
  356.36,   345.05,   476.75
  356.03,   476.47,   230.07
  357.62,   473.22,   355.02
  359.21,   469.97,   479.96
  475.30,   223.82,   221.98
  476.89,   220.57,   346.93
  478.48,   217.32,   471.88
  478.14,   348.75,   225.19
  479.73,   345.50,   350.14
  481.32,   342.25,   475.09
  480.99,   473.67,   228.41
  482.58,   470.42,   353.35
  484.17,   467.17,   478.30
  600.26,   221.02,   220.32
  601.85,   217.77,   345.26
  603.44,   214.52,   470.21
  603.10,   345.95,   223.53
  604.69,   342.70,   348.48
  606.28,   339.45,   473.43
  605.94,   470.87,   226.74
  607.53,   467.62,   351.69
  609.12,   464.37,   476.64
  349.76,   225.57,   350.66
  350.64,   229.19,   475.61
  351.51,   232.82,   600.55
  350.52,   350.51,   347.03
  351.39,   354.14,   471.98
  352.26,   357.76,   596.92
  351.27,   475.46,   343.40
  352.14,   479.08,   468.35
  353.02,   482.71,   593.29
  474.76,   224.79,   349.81
  475.63,   228.41,   474.76
  476.51,   232.04,   599.70
  475.51,   349.73,   346.18
  476.38,   353.36,   471.13
  477.26,   356.98,   596.07
  476.26,   474.68,   342.55
  477.14,   478.30,   467.50
  478.01,   481.93,   592.44
  599.75,   224.01,   348.96
  600.63,   227.64,   473.91
  601.50,   231.26,   598.85
  600.51,   348.96,   345.33
  601.38,   352.58,   470.28
  602.25,   356.21,   595.22
  601.26,   473.90,   341.70
  602.13,   477.53,   466.65
  603.00,   481.15,   591.59
  350.82,   226.39,   473.04
  353.20,   228.51,   598.00
  355.58,   230.62,   722.96
  351.08,   351.37,   470.92
  353.46,   353.49,   595.88
  355.84,   355.60,   720.84
  351.34,   476.35,   468.80
  353.71,   478.47,   593.76
  356.09,   480.59,   718.72
  475.80,   226.09,   470.67
  478.18,   228.21,   595.63
  480.56,   230.33,   720.59
  476.06,   351.08,   468.55
  478.43,   353.19,   593.51
  480.81,   355.31,   718.47
  476.31,   476.06,   466.43
  478.69,   478.17,   591.39
  481.07,   480.29,   716.35
  600.78,   225.80,   468.30
  603.16,   227.91,   593.26
  605.53,   230.03,   718.22
  601.03,   350.78,   466.18
  603.41,   352.90,   591.14
  605.79,   355.01,   716.09
  601.29,   475.76,   464.05
  603.67,   477.88,   589.01
  606.05,   479.99,   713.97
  350.61,   226.68,   600.11
  350.76,   229.93,   725.06
  350.92,   233.18,   850.02
  351.10,   351.63,   596.85
  351.26,   354.89,   721.81
  351.41,   358.14,   846.77
  351.60,   476.59,   593.60
  351.75,   479.84,   718.56
  351.91,   483.10,   843.52
  475.60,   226.18,   599.96
  475.76,   229.43,   724.92
  475.92,   232.68,   849.88
  476.10,   351.14,   596.71
  476.26,   354.39,   721.67
  476.41,   357.64,   846.62
  476.59,   476.09,   593.46
  476.75,   479.34,   718.41
  476.91,   482.60,   843.37
  600.60,   225.68,   599.82
  600.76,   228.93,   724.77
  600.92,   232.18,   849.73
  601.10,   350.64,   596.56
  601.26,   353.89,   721.52
  601.41,   357.14,   846.48
  601.59,   475.59,   593.31
  601.75,   478.85,   718.27
  601.91,   482.10,   843.23
  351.92,   348.88,    99.79
  351.27,   350.70,   224.77
  350.63,   352.52,   349.76
  353.56,   473.85,    97.98
  352.92,   475.67,   222.96
  352.27,   477.49,   347.95
  355.21,   598.83,    96.17
  354.56,   600.65,   221.15
  353.91,   602.47,   346.14
  476.91,   347.24,   100.46
  476.26,   349.06,   225.45
  475.61,   350.88,   350.43
  478.55,   472.22,    98.65
  477.90,   474.04,   223.64
  477.26,   475.86,   348.62
  480.20,   597.20,    96.84
  479.55,   599.01,   221.82
  478.90,   600.83,   346.81
  601.90,   345.61,   101.13
  601.25,   347.43,   226.12
  600.60,   349.25,   351.10
  603.54,   470.58,    99.32
  602.89,   472.40,   224.31
  602.24,   474.22,   349.29
  605.18,   595.56,    97.51
  604.54,   597.38,   222.50
  603.89,   599.20,   347.48
  351.48,   348.76,   223.34
  353.11,   351.95,   348.29
  354.74,   355.14,   473.24
  352.48,   473.72,   220.14
  354.11,   476.90,   345.09
  355.74,   480.09,   470.04
  353.47,   598.67,   216.94
  355.10,   601.86,   341.89
  356.73,   605.05,   466.84
  476.47,   347.73,   221.74
  478.10,   350.91,   346.69
  479.73,   354.10,   471.63
  477.46,   472.68,   218.54
  479.09,   475.87,   343.48
  480.72,   479.06,   468.43
  478.46,   597.64,   215.33
  480.09,   600.82,   340.28
  481.72,   604.01,   465.23
  601.46,   346.69,   220.13
  603.09,   349.88,   345.08
  604.72,   353.07,   470.03
  602.45,   471.65,   216.93
  604.08,   474.83,   341.88
  605.71,   478.02,   466.83
  603.44,   596.60,   213.73
  605.07,   599.79,   338.68
  606.70,   602.98,   463.63
  348.17,   350.78,   351.73
  346.80,   348.85,   476.71
  345.42,   346.91,   601.69
  350.94,   475.73,   353.69
  349.57,   473.80,   478.67
  348.19,   471.87,   603.65
  353.71,   600.69,   355.66
  352.33,   598.76,   480.64
  350.96,   596.82,   605.61
  473.13,   347.99,   353.06
  471.76,   346.06,   478.04
  470.39,   344.12,   603.02
  475.90,   472.94,   355.02
  474.53,   471.01,   480.00
  473.16,   469.08,   604.98
  478.67,   597.90,   356.99
  477.30,   595.97,   481.96
  475.92,   594.03,   606.94
  598.09,   345.20,   354.39
  596.72,   343.27,   479.37
  595.35,   341.33,   604.34
  600.86,   470.15,   356.35
  599.49,   468.22,   481.33
  598.12,   466.29,   606.31
  603.63,   595.11,   358.32
  602.26,   593.18,   483.29
  600.89,   591.24,   608.27
  351.06,   348.29,   475.80
  352.23,   352.02,   600.74
  353.41,   355.76,   725.68
  348.70,   473.21,   472.09
  349.88,   476.95,   597.02
  351.06,   480.68,   721.96
  346.35,   598.13,   468.37
  347.53,   601.87,   593.31
  348.71,   605.61,   718.25
  476.03,   350.61,   474.55
  477.21,   354.34,   599.49
  478.38,   358.08,   724.43
  473.68,   475.53,   470.84
  474.85,   479.26,   595.78
  476.03,   483.00,   720.72
  471.32,   600.45,   467.13
  472.50,   604.19,   592.06
  473.68,   607.92,   717.00
  601.00,   352.92,   473.30
  602.18,   356.66,   598.24
  603.36,   360.39,   723.18
  598.65,   477.84,   469.59
  599.83,   481.58,   594.53
  601.00,   485.32,   719.47
  596.30,   602.77,   465.88
  597.47,   606.50,   590.82
  598.65,   610.24,   715.76
  351.45,   349.27,   601.56
  353.37,   347.89,   726.54
  355.29,   346.51,   851.52
  350.94,   474.26,   602.95
  352.86,   472.88,   727.93
  354.77,   471.50,   852.91
  350.43,   599.25,   604.34
  352.34,   597.87,   729.32
  354.26,   596.49,   854.29
  476.44,   349.81,   599.65
  478.35,   348.43,   724.63
  480.27,   347.05,   849.61
  475.92,   474.80,   601.04
  477.84,   473.42,   726.02
  479.76,   472.04,   851.00
  475.41,   599.79,   602.43
  477.33,   598.41,   727.41
  479.24,   597.03,   852.38
  601.42,   350.34,   597.74
  603.34,   348.96,   722.72
  605.25,   347.58,   847.70
  600.91,   475.33,   599.13
  602.83,   473.95,   724.11
  604.74,   472.57,   849.09
  600.40,   600.32,   600.52
  602.31,   598.94,   725.50
  604.23,   597.56,   850.47
  349.30,   476.90,   101.06
  347.39,   477.31,   226.04
  345.47,   477.71,   351.03
  346.99,   601.88,   100.62
  345.08,   602.28,   225.60
  343.17,   602.69,   350.59
  344.69,   726.86,   100.18
  342.77,   727.26,   225.17
  340.86,   727.67,   350.15
  474.26,   479.22,   102.96
  472.35,   479.62,   227.95
  470.44,   480.02,   352.93
  471.96,   604.19,   102.52
  470.04,   604.60,   227.51
  468.13,   605.00,   352.49
  469.65,   729.17,   102.09
  467.74,   729.58,   227.07
  465.82,   729.98,   352.06
  599.23,   481.53,   104.87
  597.32,   481.93,   229.85
  595.40,   482.34,   354.84
  596.92,   606.51,   104.43
  595.01,   606.91,   229.41
  593.10,   607.32,   354.40
  594.61,   731.49,   103.99
  592.70,   731.89,   228.98
  590.79,   732.29,   353.96
  348.55,   473.57,   223.15
  345.97,   475.73,   348.11
  343.38,   477.90,   473.06
  347.72,   598.55,   220.97
  345.13,   600.71,   345.93
  342.55,   602.88,   470.88
  346.88,   723.53,   218.79
  344.30,   725.69,   343.74
  341.71,   727.85,   468.70
  473.52,   474.45,   225.72
  470.94,   476.61,   350.68
  468.35,   478.78,   475.63
  472.69,   599.43,   223.54
  470.10,   601.59,   348.50
  467.52,   603.75,   473.45
  471.85,   724.40,   221.36
  469.27,   726.57,   346.31
  466.68,   728.73,   471.27
  598.49,   475.33,   228.29
  595.91,   477.49,   353.25
  593.32,   479.65,   478.20
  597.66,   600.30,   226.11
  595.07,   602.47,   351.07
  592.49,   604.63,   476.02
  596.82,   725.28,   223.93
  594.24,   727.45,   348.88
  591.65,   729.61,   473.84
  349.25,   474.44,   349.76
  352.53,   476.53,   474.70
  355.81,   478.62,   599.64
  350.63,   599.42,   347.64
  353.91,   601.51,   472.58
  357.19,   603.60,   597.52
  352.01,   724.39,   345.51
  355.30,   726.48,   470.45
  358.58,   728.57,   595.39
  474.20,   473.01,   346.51
  477.48,   475.10,   471.45
  480.76,   477.19,   596.39
  475.58,   597.98,   344.38
  478.86,   600.07,   469.32
  482.14,   602.16,   594.26
  476.96,   722.95,   342.26
  480.24,   725.04,   467.19
  483.52,   727.13,   592.13
  599.15,   471.57,   343.25
  602.43,   473.66,   468.19
  605.71,   475.75,   593.13
  600.53,   596.54,   341.13
  603.81,   598.63,   466.06
  607.09,   600.72,   591.00
  601.91,   721.52,   339.00
  605.19,   723.61,   463.94
  608.47,   725.70,   588.88
  351.63,   476.24,   476.15
  354.05,   472.97,   601.08
  356.47,   469.71,   726.02
  353.14,   601.19,   479.39
  355.56,   597.92,   604.32
  357.98,   594.66,   729.25
  354.65,   726.13,   482.62
  357.06,   722.87,   607.56
  359.48,   719.61,   732.49
  476.60,   474.79,   473.69
  479.02,   471.53,   598.63
  481.44,   468.26,   723.56
  478.11,   599.74,   476.93
  480.52,   596.48,   601.86
  482.94,   593.21,   726.80
  479.61,   724.69,   480.16
  482.03,   721.43,   605.10
  484.45,   718.16,   730.03
  601.57,   473.35,   471.24
  603.98,   470.08,   596.17
  606.40,   466.82,   721.10
  603.07,   598.30,   474.47
  605.49,   595.03,   599.40
  607.91,   591.77,   724.34
  604.58,   723.25,   477.71
  607.00,   719.98,   602.64
  609.42,   716.72,   727.57
  350.29,   475.41,   599.07
  353.58,   472.44,   723.99
  356.87,   469.46,   848.91
  348.19,   600.36,   602.10
  351.47,   597.38,   727.02
  354.76,   594.40,   851.94
  346.08,   725.30,   605.13
  349.37,   722.33,   730.06
  352.65,   719.35,   854.98
  475.23,   477.60,   595.83
  478.52,   474.62,   720.75
  481.81,   471.64,   845.67
  473.12,   602.54,   598.87
  476.41,   599.57,   723.79
  479.70,   596.59,   848.71
  471.02,   727.49,   601.90
  474.31,   724.51,   726.82
  477.59,   721.53,   851.74
  600.17,   479.78,   592.60
  603.46,   476.81,   717.52
  606.74,   473.83,   842.44
  598.06,   604.73,   595.63
  601.35,   601.75,   720.55
  604.64,   598.77,   845.47
  595.96,   729.67,   598.66
  599.24,   726.70,   723.58
  602.53,   723.72,   848.50
  348.38,   600.58,   101.20
  347.60,   601.60,   226.19
  346.82,   602.62,   351.19
  351.41,   725.54,   100.20
  350.63,   726.56,   225.19
  349.85,   727.58,   350.19
  354.44,   850.50,    99.20
  353.66,   851.52,   224.20
  352.88,   852.54,   349.19
  473.34,   597.56,   102.00
  472.56,   598.57,   226.99
  471.78,   599.59,   351.99
  476.37,   722.52,   101.00
  475.59,   723.53,   226.00
  474.81,   724.55,   350.99
  479.40,   847.48,   100.01
  478.62,   848.49,   225.00
  477.84,   849.51,   349.99
  598.30,   594.53,   102.80
  597.52,   595.55,   227.80
  596.74,   596.57,   352.79
  601.33,   719.49,   101.81
  600.55,   720.51,   226.80
  599.77,   721.53,   351.79
  604.36,   844.45,   100.81
  603.58,   845.47,   225.80
  602.80,   846.49,   350.79
  348.28,   599.47,   225.32
  350.73,   598.22,   350.29
  353.18,   596.97,   475.26
  351.11,   724.43,   226.52
  353.56,   723.18,   351.49
  356.01,   721.94,   476.46
  353.94,   849.39,   227.71
  356.39,   848.15,   352.68
  358.84,   846.90,   477.65
  473.23,   596.67,   222.85
  475.68,   595.42,   347.82
  478.13,   594.17,   472.79
  476.05,   721.63,   224.04
  478.50,   720.38,   349.01
  480.95,   719.13,   473.98
  478.88,   846.59,   225.23
  481.33,   845.35,   350.20
  483.78,   844.10,   475.17
  598.17,   593.87,   220.37
  600.62,   592.62,   345.34
  603.07,   591.37,   470.31
  601.00,   718.83,   221.56
  603.45,   717.58,   346.53
  605.90,   716.33,   471.50
  603.82,   843.79,   222.75
  606.27,   842.54,   347.72
  608.72,   841.30,   472.69
  349.35,   601.94,   349.72
  351.05,   600.30,   474.70
  352.75,   598.67,   599.68
  345.91,   726.88,   351.41
  347.60,   725.25,   476.38
  349.30,   723.61,   601.36
  342.46,   851.83,   353.09
  344.16,   850.19,   478.07
  345.85,   848.55,   603.05
  474.30,   605.41,   348.07
  475.99,   603.77,   473.05
  477.69,   602.14,   598.03
  470.85,   730.35,   349.76
  472.54,   728.72,   474.73
  474.24,   727.08,   599.71
  467.40,   855.29,   351.44
  469.10,   853.66,   476.42
  470.79,   852.02,   601.40
  599.24,   608.88,   346.42
  600.93,   607.24,   471.40
  602.63,   605.61,   596.38
  595.79,   733.82,   348.11
  597.49,   732.18,   473.08
  599.18,   730.55,   598.06
  592.34,   858.76,   349.79
  594.04,   857.13,   474.77
  595.73,   855.49,   599.75
  351.10,   599.74,   476.98
  353.72,   596.13,   601.90
  356.34,   592.52,   726.82
  349.59,   724.68,   480.62
  352.22,   721.07,   605.54
  354.84,   717.46,   730.46
  348.09,   849.62,   484.26
  350.71,   846.01,   609.18
  353.34,   842.40,   734.10
  476.06,   601.32,   474.40
  478.68,   597.71,   599.32
  481.31,   594.10,   724.24
  474.56,   726.26,   478.04
  477.18,   722.65,   602.96
  479.80,   719.04,   727.88
  473.05,   851.20,   481.68
  475.68,   847.59,   606.60
  478.30,   843.98,   731.52
  601.03,   602.90,   471.82
  603.65,   599.29,   596.74
  606.27,   595.68,   721.66
  599.52,   727.84,   475.46
  602.14,   724.23,   600.38
  604.77,   720.62,   725.30
  598.02,   852.78,   479.11
  600.64,   849.17,   604.03
  603.26,   845.56,   728.95
  350.94,   599.55,   599.48
  352.72,   595.91,   724.42
  354.50,   592.28,   849.35
  350.50,   724.50,   603.13
  352.28,   720.86,   728.06
  354.06,   717.22,   853.00
  350.06,   849.44,   606.77
  351.85,   845.81,   731.71
  353.63,   842.17,   856.64
  475.93,   600.04,   597.72
  477.71,   596.40,   722.65
  479.49,   592.77,   847.58
  475.49,   724.99,   601.36
  477.27,   721.35,   726.29
  479.05,   717.71,   851.23
  475.05,   849.93,   605.00
  476.83,   846.29,   729.94
  478.61,   842.66,   854.87
  600.91,   600.53,   595.95
  602.69,   596.89,   720.88
  604.48,   593.25,   845.82
  600.48,   725.47,   599.59
  602.26,   721.84,   724.53
  604.04,   718.20,   849.46
  600.04,   850.42,   603.24
  601.82,   846.78,   728.17
  603.60,   843.15,   853.10
  473.53,   101.98,   100.79
  475.97,   104.24,   225.75
  478.40,   106.50,   350.70
  473.74,   226.96,    98.53
  476.17,   229.22,   223.48
  478.61,   231.48,   348.44
  473.95,   351.94,    96.26
  476.38,   354.20,   221.22
  478.81,   356.46,   346.17
  598.51,   101.73,    98.36
  600.94,   103.99,   223.32
  603.37,   106.25,   348.28
  598.72,   226.71,    96.10
  601.15,   228.97,   221.05
  603.58,   231.23,   346.01
  598.92,   351.69,    93.83
  601.35,   353.95,   218.79
  603.79,   356.21,   343.74
  723.48,   101.48,    95.93
  725.92,   103.74,   220.89
  728.35,   106.00,   345.85
  723.69,   226.46,    93.67
  726.12,   228.72,   218.62
  728.56,   230.98,   343.58
  723.90,   351.44,    91.40
  726.33,   353.70,   216.36
  728.76,   355.96,   341.31
  473.20,   101.16,   223.29
  475.00,   100.88,   348.27
  476.80,   100.61,   473.26
  471.33,   226.15,   223.59
  473.12,   225.87,   348.58
  474.92,   225.59,   473.56
  469.45,   351.13,   223.89
  471.25,   350.85,   348.88
  473.04,   350.58,   473.87
  598.18,   103.04,   221.49
  599.98,   102.77,   346.48
  601.77,   102.49,   471.47
  596.30,   228.03,   221.80
  598.10,   227.75,   346.78
  599.89,   227.48,   471.77
  594.42,   353.02,   222.10
  596.22,   352.74,   347.09
  598.02,   352.46,   472.07
  723.15,   104.93,   219.70
  724.95,   104.65,   344.69
  726.75,   104.37,   469.67
  721.27,   229.91,   220.00
  723.07,   229.64,   344.99
  724.87,   229.36,   469.98
  719.39,   354.90,   220.31
  721.19,   354.62,   345.29
  722.99,   354.34,   470.28
  475.15,    99.01,   351.92
  475.92,    99.02,   476.92
  476.69,    99.03,   601.92
  472.95,   223.99,   351.92
  473.72,   224.00,   476.92
  474.49,   224.01,   601.92
  470.75,   348.97,   351.93
  471.52,   348.98,   476.92
  472.29,   348.99,   601.92
  600.13,   101.21,   351.15
  600.90,   101.23,   476.15
  601.67,   101.24,   601.15
  597.93,   226.19,   351.15
  598.70,   226.21,   476.15
  599.47,   226.22,   601.15
  595.72,   351.17,   351.16
  596.49,   351.19,   476.15
  597.26,   351.20,   601.15
  725.11,   103.42,   350.38
  725.88,   103.43,   475.38
  726.65,   103.44,   600.38
  722.91,   228.40,   350.38
  723.68,   228.41,   475.38
  724.45,   228.42,   600.38
  720.70,   353.38,   350.39
  721.47,   353.39,   475.38
  722.24,   353.40,   600.38
  476.03,   101.61,   473.69
  479.27,   102.93,   598.64
  482.52,   104.24,   723.59
  473.37,   226.57,   472.44
  476.61,   227.89,   597.39
  479.86,   229.21,   722.34
  470.71,   351.54,   471.19
  473.96,   352.86,   596.14
  477.20,   354.17,   721.09
  600.95,   104.23,   470.41
  604.20,   105.55,   595.37
  607.45,   106.87,   720.32
  598.30,   229.20,   469.16
  601.54,   230.51,   594.12
  604.79,   231.83,   719.07
  595.64,   354.16,   467.91
  598.89,   355.48,   592.87
  602.13,   356.80,   717.82
  725.88,   106.85,   467.14
  729.13,   108.17,   592.09
  732.38,   109.49,   717.04
  723.23,   231.82,   465.89
  726.47,   233.14,   590.84
  729.72,   234.46,   715.79
  720.57,   356.78,   464.64
  723.82,   358.10,   589.59
  727.06,   359.42,   714.54
  474.13,   101.85,   599.90
  474.40,    99.12,   724.87
  474.67,    96.39,   849.84
  475.40,   226.81,   602.62
  475.67,   224.09,   727.59
  475.94,   221.36,   852.56
  476.67,   351.78,   605.35
  476.94,   349.05,   730.32
  477.21,   346.32,   855.29
  599.12,   100.58,   599.60
  599.39,    97.86,   724.57
  599.66,    95.13,   849.54
  600.39,   225.55,   602.32
  600.66,   222.82,   727.29
  600.93,   220.09,   852.26
  601.66,   350.51,   605.05
  601.93,   347.78,   730.02
  602.21,   345.06,   854.99
  724.11,    99.32,   599.30
  724.38,    96.59,   724.27
  724.66,    93.86,   849.24
  725.38,   224.28,   602.02
  725.66,   221.56,   726.99
  725.93,   218.83,   851.96
  726.65,   349.25,   604.75
  726.93,   346.52,   729.72
  727.20,   343.79,   854.69
  473.23,   223.55,    98.05
  470.20,   226.52,   222.98
  467.17,   229.48,   347.90
  471.79,   348.51,    95.05
  468.76,   351.47,   219.98
  465.73,   354.44,   344.90
  470.34,   473.46,    92.05
  467.31,   476.43,   216.98
  464.28,   479.39,   341.90
  598.19,   225.07,   101.04
  595.16,   228.04,   225.97
  592.13,   231.00,   350.90
  596.74,   350.03,    98.04
  593.71,   352.99,   222.97
  590.68,   355.96,   347.90
  595.30,   474.98,    95.04
  592.27,   477.95,   219.97
  589.24,   480.91,   344.90
  723.14,   226.59,   104.04
  720.11,   229.55,   228.97
  717.08,   232.52,   353.90
  721.70,   351.54,   101.04
  718.67,   354.51,   225.97
  715.64,   357.47,   350.90
  720.25,   476.50,    98.04
  717.22,   479.46,   222.97
  714.19,   482.43,   347.90
  476.65,   225.50,   224.45
  477.22,   224.49,   349.45
  477.79,   223.48,   474.44
  473.96,   350.46,   225.48
  474.53,   349.45,   350.47
  475.10,   348.44,   475.46
  471.27,   475.43,   226.50
  471.84,   474.42,   351.49
  472.41,   473.41,   476.49
  601.62,   228.19,   223.91
  602.19,   227.18,   348.90
  602.76,   226.17,   473.90
  598.93,   353.16,   224.93
  599.50,   352.15,   349.92
  600.07,   351.14,   474.92
  596.24,   478.12,   225.95
  596.81,   477.11,   350.94
  597.38,   476.10,   475.94
  726.59,   230.88,   223.36
  727.16,   229.87,   348.35
  727.73,   228.86,   473.35
  723.90,   355.85,   224.38
  724.47,   354.84,   349.38
  725.04,   353.83,   474.37
  721.21,   480.82,   225.40
  721.78,   479.81,   350.40
  722.35,   478.80,   475.39
  476.03,   225.29,   350.27
  472.61,   227.54,   475.20
  469.19,   229.79,   600.14
  472.56,   350.22,   347.92
  469.14,   352.47,   472.86
  465.72,   354.72,   597.79
  469.09,   475.15,   345.58
  465.67,   477.40,   470.51
  462.25,   479.65,   595.44
  600.94,   228.82,   353.62
  597.52,   231.07,   478.56
  594.10,   233.32,   603.49
  597.46,   353.75,   351.28
  594.05,   356.00,   476.21
  590.63,   358.25,   601.14
  593.99,   478.68,   348.93
  590.57,   480.93,   473.87
  587.16,   483.18,   598.80
  725.84,   232.35,   356.98
  722.42,   234.61,   481.91
  719.00,   236.86,   606.84
  722.37,   357.28,   354.63
  718.95,   359.54,   479.56
  715.53,   361.79,   604.50
  718.90,   482.21,   352.29
  715.48,   484.47,   477.22
  712.06,   486.72,   602.15
  474.36,   223.05,   476.73
  476.12,   226.66,   601.66
  477.88,   230.27,   726.60
  477.90,   347.95,   473.07
  479.66,   351.56,   598.01
  481.42,   355.17,   722.94
  481.44,   472.85,   469.42
  483.20,   476.45,   594.35
  484.97,   480.06,   719.29
  599.30,   219.46,   475.07
  601.06,   223.07,   600.01
  602.82,   226.68,   724.94
  602.84,   344.36,   471.41
  604.60,   347.97,   596.35
  606.36,   351.58,   721.29
  606.38,   469.26,   467.76
  608.14,   472.86,   592.69
  609.90,   476.47,   717.63
  724.24,   215.87,   473.41
  726.00,   219.48,   598.35
  727.76,   223.09,   723.28
  727.78,   340.77,   469.76
  729.54,   344.38,   594.69
  731.30,   347.99,   719.63
  731.32,   465.67,   466.10
  733.08,   469.27,   591.04
  734.84,   472.88,   715.97
  476.26,   223.74,   601.76
  475.14,   224.24,   726.75
  474.02,   224.73,   851.74
  477.61,   348.73,   601.28
  476.49,   349.23,   726.27
  475.37,   349.72,   851.26
  478.95,   473.73,   600.79
  477.83,   474.22,   725.79
  476.71,   474.71,   850.78
  601.25,   222.40,   602.88
  600.13,   222.90,   727.87
  599.01,   223.39,   852.87
  602.59,   347.40,   602.40
  601.48,   347.89,   727.39
  600.36,   348.38,   852.39
  603.94,   472.39,   601.92
  602.82,   472.88,   726.91
  601.70,   473.37,   851.91
  726.24,   221.06,   604.00
  725.12,   221.56,   729.00
  724.00,   222.05,   853.99
  727.58,   346.06,   603.52
  726.46,   346.55,   728.52
  725.34,   347.04,   853.51
  728.93,   471.05,   603.04
  727.81,   471.54,   728.04
  726.69,   472.03,   853.03
  474.24,   348.10,   100.90
  476.50,   345.59,   225.85
  478.76,   343.08,   350.81
  475.85,   473.07,   103.38
  478.12,   470.56,   228.33
  480.38,   468.04,   353.29
  477.47,   598.03,   105.86
  479.74,   595.52,   230.82
  482.00,   593.01,   355.77
  599.20,   346.53,    98.60
  601.47,   344.02,   223.56
  603.73,   341.51,   348.51
  600.82,   471.49,   101.08
  603.09,   468.98,   226.04
  605.35,   466.47,   350.99
  602.44,   596.46,   103.57
  604.71,   593.95,   228.52
  606.97,   591.44,   353.47
  724.17,   344.95,    96.31
  726.44,   342.44,   221.26
  728.70,   339.93,   346.22
  725.79,   469.92,    98.79
  728.06,   467.41,   223.74
  730.32,   464.90,   348.70
  727.41,   594.88,   101.27
  729.67,   592.37,   226.22
  731.94,   589.86,   351.18
  474.04,   350.33,   226.02
  472.83,   348.93,   351.00
  471.61,   347.53,   475.99
  477.19,   475.29,   227.45
  475.97,   473.88,   352.43
  474.75,   472.48,   477.42
  480.33,   600.24,   228.88
  479.11,   598.84,   353.87
  477.89,   597.43,   478.85
  599.00,   347.18,   227.20
  597.78,   345.78,   352.19
  596.56,   344.37,   477.17
  602.14,   472.13,   228.63
  600.92,   470.73,   353.62
  599.70,   469.33,   478.60
  605.28,   597.08,   230.06
  604.07,   595.68,   355.05
  602.85,   594.28,   480.04
  723.95,   344.02,   228.38
  722.73,   342.62,   353.37
  721.51,   341.22,   478.36
  727.10,   468.97,   229.82
  725.88,   467.57,   354.80
  724.66,   466.17,   479.79
  730.24,   593.93,   231.25
  729.02,   592.52,   356.23
  727.80,   591.12,   481.22
  476.28,   348.33,   351.24
  476.99,   350.73,   476.21
  477.70,   353.13,   601.19
  477.77,   473.29,   348.83
  478.48,   475.70,   473.80
  479.19,   478.10,   598.78
  479.27,   598.26,   346.42
  479.98,   600.66,   471.39
  480.69,   603.06,   596.37
  601.26,   346.82,   350.55
  601.98,   349.22,   475.53
  602.69,   351.62,   600.50
  602.76,   471.79,   348.14
  603.47,   474.19,   473.12
  604.18,   476.59,   598.09
  604.26,   596.75,   345.73
  604.97,   599.15,   470.71
  605.68,   601.56,   595.68
  726.25,   345.31,   349.87
  726.97,   347.71,   474.85
  727.68,   350.11,   599.82
  727.75,   470.28,   347.46
  728.46,   472.68,   472.44
  729.17,   475.08,   597.41
  729.24,   595.24,   345.05
  729.96,   597.65,   470.03
  730.67,   600.05,   595.00
  475.75,   349.74,   474.60
  473.30,   353.26,   599.53
  470.85,   356.78,   724.45
  473.60,   474.67,   471.04
  471.15,   478.19,   595.97
  468.70,   481.71,   720.89
  471.46,   599.61,   467.48
  469.01,   603.12,   592.41
  466.56,   606.64,   717.33
  600.70,   351.96,   476.99
  598.25,   355.47,   601.91
  595.80,   358.99,   726.84
  598.56,   476.89,   473.43
  596.11,   480.40,   598.35
  593.66,   483.92,   723.28
  596.42,   601.82,   469.87
  593.97,   605.34,   594.79
  591.52,   608.85,   719.72
  725.66,   354.17,   479.38
  723.21,   357.69,   604.30
  720.76,   361.20,   729.23
  723.52,   479.10,   475.82
  721.07,   482.62,   600.74
  718.62,   486.14,   725.67
  721.37,   604.03,   472.26
  718.92,   607.55,   597.18
  716.47,   611.07,   722.11
  474.99,   348.91,   599.10
  472.02,   347.94,   724.06
  469.05,   346.98,   849.02
  472.17,   473.87,   600.00
  469.20,   472.91,   724.96
  466.23,   471.94,   849.92
  469.35,   598.84,   600.89
  466.38,   597.87,   725.85
  463.41,   596.91,   850.81
  599.93,   351.70,   602.09
  596.95,   350.74,   727.05
  593.98,   349.77,   852.01
  597.11,   476.67,   602.99
  594.14,   475.70,   727.95
  591.17,   474.74,   852.91
  594.29,   601.63,   603.88
  591.32,   600.67,   728.84
  588.35,   599.70,   853.81
  724.86,   354.50,   605.08
  721.89,   353.54,   730.04
  718.92,   352.57,   855.00
  722.04,   479.46,   605.98
  719.07,   478.50,   730.94
  716.10,   477.54,   855.90
  719.22,   604.43,   606.87
  716.25,   603.47,   731.84
  713.28,   602.50,   856.80
  473.36,   474.24,   100.07
  473.26,   475.26,   225.07
  473.16,   476.27,   350.07
  474.26,   599.23,    99.06
  474.17,   600.25,   224.06
  474.07,   601.26,   349.05
  475.17,   724.23,    98.05
  475.07,   725.24,   223.04
  474.97,   726.26,   348.04
  598.36,   473.34,   100.18
  598.26,   474.35,   225.18
  598.16,   475.37,   350.17
  599.26,   598.33,    99.17
  599.16,   599.35,   224.16
  599.06,   600.36,   349.16
  600.17,   723.32,    98.15
  600.07,   724.34,   223.15
  599.97,   725.35,   348.15
  723.35,   472.44,   100.29
  723.26,   473.45,   225.28
  723.16,   474.46,   350.28
  724.26,   597.43,    99.27
  724.16,   598.44,   224.27
  724.06,   599.46,   349.27
  725.16,   722.42,    98.26
  725.06,   723.44,   223.26
  724.96,   724.45,   348.25
  474.26,   475.33,   223.30
  474.39,   473.04,   348.28
  474.51,   470.76,   473.26
  471.63,   600.28,   225.59
  471.76,   598.00,   350.57
  471.88,   595.71,   475.55
  469.01,   725.23,   227.88
  469.13,   722.95,   352.86
  469.26,   720.66,   477.84
  599.23,   477.96,   223.22
  599.36,   475.67,   348.20
  599.48,   473.39,   473.18
  596.61,   602.91,   225.51
  596.73,   600.63,   350.49
  596.86,   598.34,   475.47
  593.98,   727.86,   227.80
  594.10,   725.58,   352.78
  594.23,   723.29,   477.76
  724.21,   480.59,   223.15
  724.33,   478.30,   348.12
  724.46,   476.02,   473.10
  721.58,   605.54,   225.43
  721.70,   603.25,   350.41
  721.83,   600.97,   475.39
  718.95,   730.49,   227.72
  719.08,   728.21,   352.70
  719.20,   725.92,   477.68
  474.92,   473.23,   349.93
  472.83,   476.31,   474.88
  470.74,   479.38,   599.82
  477.36,   598.17,   346.90
  475.27,   601.25,   471.84
  473.18,   604.32,   596.79
  479.81,   723.11,   343.86
  477.71,   726.19,   468.81
  475.62,   729.26,   593.75
  599.88,   470.84,   352.08
  597.79,   473.92,   477.03
  595.69,   476.99,   601.97
  602.32,   595.78,   349.05
  600.23,   598.86,   473.99
  598.14,   601.93,   598.94
  604.77,   720.72,   346.02
  602.67,   723.80,   470.96
  600.58,   726.87,   595.91
  724.84,   468.45,   354.23
  722.75,   471.53,   479.18
  720.65,   474.60,   604.12
  727.28,   593.39,   351.20
  725.19,   596.47,   476.15
  723.10,   599.54,   601.09
  729.72,   718.33,   348.17
  727.63,   721.41,   473.11
  725.54,   724.48,   598.06
  475.86,   475.49,   473.15
  479.20,   473.82,   598.09
  482.55,   472.14,   723.04
  475.49,   600.48,   474.84
  478.83,   598.81,   599.78
  482.18,   597.13,   724.72
  475.12,   725.47,   476.52
  478.47,   723.80,   601.47
  481.81,   722.12,   726.41
  600.81,   475.91,   469.81
  604.16,   474.23,   594.76
  607.50,   472.56,   719.70
  600.44,   600.90,   471.50
  603.79,   599.22,   596.44
  607.13,   597.55,   721.39
  600.08,   725.88,   473.18
  603.42,   724.21,   598.13
  606.77,   722.53,   723.07
  725.77,   476.32,   466.47
  729.11,   474.65,   591.42
  732.46,   472.97,   716.36
  725.40,   601.31,   468.16
  728.74,   599.64,   593.10
  732.09,   597.96,   718.05
  725.03,   726.30,   469.84
  728.38,   724.62,   594.79
  731.72,   722.95,   719.73
  475.32,   474.08,   599.62
  475.46,   477.07,   724.59
  475.60,   480.06,   849.55
  477.06,   599.03,   596.63
  477.19,   602.02,   721.59
  477.33,   605.02,   846.56
  478.79,   723.98,   593.63
  478.93,   726.97,   718.60
  479.06,   729.97,   843.56
  600.31,   472.34,   599.53
  600.45,   475.33,   724.49
  600.59,   478.33,   849.45
  602.04,   597.29,   596.53
  602.18,   600.29,   721.49
  602.32,   603.28,   846.46
  603.78,   722.24,   593.54
  603.91,   725.24,   718.50
  604.05,   728.23,   843.46
  725.30,   470.60,   599.43
  725.44,   473.60,   724.39
  725.57,   476.59,   849.36
  727.03,   595.56,   596.43
  727.17,   598.55,   721.40
  727.31,   601.55,   846.36
  728.76,   720.51,   593.44
  728.90,   723.50,   718.40
  729.04,   726.50,   843.37
  474.88,   601.45,   100.17
  477.36,   602.70,   225.14
  479.85,   603.95,   350.11
  478.29,   726.40,    98.86
  480.78,   727.64,   223.83
  483.27,   728.89,   348.80
  481.71,   851.34,    97.54
  484.19,   852.59,   222.51
  486.68,   853.84,   347.48
  599.81,   598.01,    97.72
  602.29,   599.26,   222.69
  604.78,   600.50,   347.66
  603.22,   722.96,    96.41
  605.71,   724.20,   221.38
  608.19,   725.45,   346.34
  606.64,   847.90,    95.09
  609.12,   849.15,   220.06
  611.61,   850.40,   345.03
  724.73,   594.57,    95.27
  727.22,   595.82,   220.24
  729.71,   597.06,   345.21
  728.15,   719.51,    93.96
  730.64,   720.76,   218.92
  733.12,   722.01,   343.89
  731.57,   844.46,    92.64
  734.05,   845.71,   217.61
  736.54,   846.96,   342.58
  475.39,   601.80,   226.12
  475.03,   602.53,   351.12
  474.67,   603.26,   476.11
  472.72,   726.77,   225.38
  472.36,   727.50,   350.38
  472.00,   728.23,   475.38
  470.05,   851.74,   224.65
  469.69,   852.47,   349.64
  469.33,   853.20,   474.64
  600.36,   604.48,   226.46
  600.00,   605.20,   351.46
  599.64,   605.93,   476.45
  597.69,   729.44,   225.72
  597.33,   730.17,   350.72
  596.97,   730.90,   475.72
  595.02,   854.41,   224.99
  594.66,   855.14,   349.99
  594.31,   855.87,   474.98
  725.33,   607.15,   226.80
  724.97,   607.88,   351.80
  724.62,   608.60,   476.80
  722.66,   732.12,   226.07
  722.30,   732.84,   351.06
  721.95,   733.57,   476.06
  719.99,   857.09,   225.33
  719.63,   857.81,   350.33
  719.28,   858.54,   475.32
  473.70,   599.44,   351.64
  472.05,   601.29,   476.61
  470.39,   603.14,   601.59
  477.37,   724.37,   349.84
  475.72,   726.22,   474.81
  474.06,   728.07,   599.79
  481.04,   849.30,   348.04
  479.38,   851.15,   473.01
  477.73,   853.00,   597.99
  598.64,   595.80,   353.35
  596.98,   597.64,   478.32
  595.33,   599.49,   603.30
  602.31,   720.73,   351.55
  600.65,   722.58,   476.52
  598.99,   724.43,   601.50
  605.97,   845.66,   349.75
  604.32,   847.51,   474.72
  602.66,   849.36,   599.70
  723.57,   592.15,   355.05
  721.92,   594.00,   480.03
  720.26,   595.85,   605.01
  727.24,   717.09,   353.26
  725.59,   718.93,   478.23
  723.93,   720.78,   603.21
  730.91,   842.02,   351.46
  729.25,   843.87,   476.43
  727.60,   845.72,   601.41
  476.68,   598.71,   473.61
  477.83,   598.98,   598.60
  478.97,   599.25,   723.60
  475.15,   723.70,   473.35
  476.29,   723.97,   598.34
  477.44,   724.24,   723.34
  473.61,   848.69,   473.09
  474.76,   848.96,   598.09
  475.90,   849.23,   723.08
  601.67,   600.24,   472.46
  602.81,   600.51,   597.45
  603.96,   600.78,   722.45
  600.13,   725.23,   472.20
  601.28,   725.50,   597.20
  602.42,   725.77,   722.19
  598.60,   850.22,   471.95
  599.74,   850.49,   596.94
  600.88,   850.77,   721.93
  726.65,   601.78,   471.31
  727.80,   602.05,   596.31
  728.94,   602.32,   721.30
  725.12,   726.77,   471.06
  726.26,   727.04,   596.05
  727.41,   727.31,   721.04
  723.58,   851.76,   470.80
  724.73,   852.03,   595.79
  725.87,   852.30,   720.79
  475.43,   601.58,   600.22
  477.87,   603.29,   725.18
  480.31,   605.01,   850.15
  478.05,   726.54,   598.45
  480.49,   728.25,   723.41
  482.93,   729.97,   848.38
  480.67,   851.50,   596.68
  483.10,   853.22,   721.64
  485.54,   854.93,   846.61
  600.38,   598.93,   597.81
  602.82,   600.64,   722.78
  605.26,   602.36,   847.74
  603.00,   723.89,   596.05
  605.44,   725.60,   721.01
  607.88,   727.32,   845.97
  605.61,   848.85,   594.28
  608.05,   850.56,   719.24
  610.49,   852.28,   844.21
  725.33,   596.28,   595.41
  727.77,   597.99,   720.38
  730.21,   599.71,   845.34
  727.95,   721.24,   593.64
  730.38,   722.95,   718.61
  732.82,   724.67,   843.57
  730.56,   846.20,   591.87
  733.00,   847.91,   716.84
  735.44,   849.63,   841.80
  599.09,    98.01,    98.25
  597.98,   101.28,   223.20
  596.88,   104.54,   348.16
  601.97,   222.94,    95.01
  600.86,   226.20,   219.96
  599.76,   229.47,   344.92
  604.85,   347.86,    91.77
  603.75,   351.13,   216.72
  602.64,   354.39,   341.68
  724.05,    95.16,    99.43
  722.94,    98.43,   224.38
  721.84,   101.69,   349.33
  726.93,   220.08,    96.19
  725.83,   223.35,   221.14
  724.72,   226.62,   346.09
  729.81,   345.01,    92.95
  728.71,   348.28,   217.90
  727.60,   351.54,   342.85
  849.01,    92.31,   100.61
  847.91,    95.57,   225.56
  846.80,    98.84,   350.51
  851.89,   217.23,    97.37
  850.79,   220.50,   222.32
  849.68,   223.77,   347.27
  854.77,   342.16,    94.13
  853.67,   345.42,   219.08
  852.57,   348.69,   344.03
  600.13,   101.20,   224.15
  598.84,   101.08,   349.14
  597.54,   100.96,   474.13
  596.93,   226.16,   224.23
  595.64,   226.04,   349.23
  594.34,   225.92,   474.22
  593.73,   351.12,   224.32
  592.43,   351.00,   349.31
  591.14,   350.88,   474.30
  725.08,   104.40,   225.45
  723.79,   104.28,   350.44
  722.50,   104.16,   475.43
  721.88,   229.36,   225.53
  720.59,   229.24,   350.52
  719.29,   229.12,   475.52
  718.68,   354.32,   225.61
  717.39,   354.20,   350.61
  716.09,   354.08,   475.60
  850.04,   107.60,   226.74
  848.74,   107.48,   351.74
  847.45,   107.36,   476.73
  846.83,   232.56,   226.83
  845.54,   232.44,   351.82
  844.25,   232.32,   476.81
  843.63,   357.52,   226.91
  842.34,   357.40,   351.90
  841.04,   357.28,   476.90
  599.01,    98.81,   350.10
  595.73,   100.35,   475.05
  592.44,   101.88,   599.99
  596.42,   223.77,   348.49
  593.13,   225.31,   473.44
  589.85,   226.84,   598.39
  593.82,   348.74,   346.89
  590.54,   350.27,   471.84
  587.25,   351.81,   596.79
  723.94,   101.45,   353.35
  720.66,   102.98,   478.30
  717.37,   104.52,   603.25
  721.35,   226.41,   351.75
  718.06,   227.95,   476.70
  714.78,   229.48,   601.64
  718.75,   351.37,   350.14
  715.47,   352.91,   475.09
  712.18,   354.44,   600.04
  848.87,   104.08,   356.60
  845.59,   105.62,   481.55
  842.30,   107.15,   606.50
  846.28,   229.05,   355.00
  842.99,   230.58,   479.95
  839.71,   232.12,   604.90
  843.68,   354.01,   353.40
  840.40,   355.54,   478.34
  837.11,   357.08,   603.29
  600.91,   100.30,   475.50
  604.25,   100.84,   600.45
  607.60,   101.37,   725.40
  603.10,   225.28,   474.90
  606.44,   225.82,   599.86
  609.79,   226.35,   724.81
  605.29,   350.26,   474.31
  608.64,   350.80,   599.26
  611.98,   351.33,   724.22
  725.85,    98.10,   472.16
  729.19,    98.63,   597.12
  732.53,    99.17,   722.07
  728.04,   223.08,   471.57
  731.38,   223.61,   596.52
  734.72,   224.15,   721.48
  730.23,   348.05,   470.97
  733.57,   348.59,   595.93
  736.91,   349.13,   720.88
  850.78,    95.89,   468.83
  854.13,    96.42,   593.78
  857.47,    96.96,   718.74
  852.97,   220.87,   468.24
  856.32,   221.40,   593.19
  859.66,   221.94,   718.14
  855.17,   345.85,   467.64
  858.51,   346.38,   592.60
  861.85,   346.92,   717.55
  600.08,   100.85,   601.76
  599.12,    97.30,   726.70
  598.15,    93.75,   851.65
  598.61,   225.79,   605.29
  597.64,   222.24,   730.24
  596.68,   218.69,   855.19
  597.14,   350.73,   608.83
  596.17,   347.18,   733.78
  595.20,   343.63,   858.72
  725.07,   102.30,   602.77
  724.10,    98.75,   727.71
  723.14,    95.20,   852.66
  723.60,   227.24,   606.30
  722.63,   223.69,   731.25
  721.66,   220.14,   856.20
  722.13,   352.18,   609.84
  721.16,   348.63,   734.79
  720.19,   345.08,   859.73
  850.06,   103.74,   603.78
  849.09,   100.19,   728.72
  848.12,    96.64,   853.67
  848.59,   228.68,   607.31
  847.62,   225.13,   732.26
  846.65,   221.58,   857.20
  847.11,   353.62,   610.85
  846.15,   350.07,   735.80
  845.18,   346.52,   860.74
  599.10,   226.50,    98.17
  602.84,   229.86,   223.07
  606.58,   233.21,   347.97
  600.52,   351.45,    94.78
  604.26,   354.80,   219.68
  608.00,   358.15,   344.58
  601.94,   476.39,    91.38
  605.68,   479.75,   216.28
  609.42,   483.10,   341.18
  724.04,   224.98,    94.47
  727.78,   228.34,   219.37
  731.52,   231.69,   344.27
  725.45,   349.93,    91.08
  729.20,   353.28,   215.97
  732.94,   356.64,   340.87
  726.87,   474.88,    87.68
  730.61,   478.23,   212.58
  734.36,   481.58,   337.48
  848.97,   223.47,    90.77
  852.71,   226.82,   215.67
  856.46,   230.17,   340.57
  850.39,   348.41,    87.37
  854.13,   351.76,   212.27
  857.87,   355.12,   337.17
  851.81,   473.36,    83.98
  855.55,   476.71,   208.87
  859.29,   480.06,   333.77
  600.75,   225.12,   226.81
  604.22,   222.89,   351.75
  607.68,   220.65,   476.68
  599.61,   350.10,   229.08
  603.07,   347.86,   354.02
  606.53,   345.62,   478.95
  598.46,   475.07,   231.35
  601.92,   472.83,   356.29
  605.39,   470.60,   481.22
  725.70,   226.33,   223.37
  729.17,   224.10,   348.30
  732.63,   221.86,   473.24
  724.55,   351.31,   225.64
  728.02,   349.07,   350.57
  731.48,   346.83,   475.51
  723.41,   476.28,   227.91
  726.87,   474.04,   352.84
  730.33,   471.81,   477.78
  850.65,   227.54,   219.93
  854.11,   225.31,   344.86
  857.58,   223.07,   469.79
  849.50,   352.52,   222.20
  852.96,   350.28,   347.13
  856.43,   348.04,   472.06
  848.35,   477.49,   224.47
  851.82,   475.25,   349.40
  855.28,   473.02,   474.33
  599.57,   223.37,   348.44
  599.96,   224.05,   473.44
  600.35,   224.72,   598.43
  596.96,   348.34,   347.77
  597.35,   349.02,   472.77
  597.74,   349.69,   597.77
  594.35,   473.32,   347.11
  594.74,   473.99,   472.10
  595.13,   474.67,   597.10
  724.54,   225.98,   348.04
  724.93,   226.65,   473.03
  725.32,   227.33,   598.03
  721.93,   350.95,   347.37
  722.32,   351.62,   472.37
  722.71,   352.30,   597.36
  719.33,   475.92,   346.70
  719.72,   476.59,   471.70
  720.10,   477.27,   596.70
  849.51,   228.58,   347.63
  849.90,   229.26,   472.63
  850.29,   229.93,   597.63
  846.91,   353.55,   346.97
  847.29,   354.23,   471.96
  847.68,   354.90,   596.96
  844.30,   478.52,   346.30
  844.69,   479.20,   471.30
  845.08,   479.87,   596.29
  601.84,   223.51,   476.29
  602.69,   220.89,   601.26
  603.53,   218.27,   726.23
  599.97,   348.46,   478.92
  600.81,   345.85,   603.89
  601.66,   343.23,   728.86
  598.09,   473.42,   481.55
  598.94,   470.80,   606.52
  599.78,   468.19,   731.49
  726.83,   225.40,   475.49
  727.67,   222.78,   600.46
  728.52,   220.16,   725.43
  724.95,   350.36,   478.12
  725.80,   347.74,   603.09
  726.64,   345.12,   728.06
  723.08,   475.31,   480.75
  723.92,   472.70,   605.72
  724.77,   470.08,   730.69
  851.81,   227.29,   474.68
  852.65,   224.67,   599.65
  853.50,   222.06,   724.62
  849.94,   352.25,   477.31
  850.78,   349.63,   602.28
  851.62,   347.01,   727.25
  848.06,   477.21,   479.94
  848.91,   474.59,   604.91
  849.75,   471.97,   729.88
  600.07,   223.95,   599.44
  603.70,   222.12,   724.37
  607.33,   220.30,   849.30
  597.74,   348.91,   601.33
  601.37,   347.09,   726.26
  605.00,   345.26,   851.20
  595.41,   473.88,   603.22
  599.04,   472.05,   728.16
  602.68,   470.23,   853.09
  724.99,   226.33,   595.84
  728.63,   224.51,   720.77
  732.26,   222.68,   845.71
  722.66,   351.29,   597.73
  726.30,   349.47,   722.66
  729.93,   347.64,   847.60
  720.33,   476.26,   599.62
  723.97,   474.43,   724.56
  727.60,   472.61,   849.49
  849.92,   228.71,   592.24
  853.55,   226.89,   717.17
  857.18,   225.06,   842.11
  847.59,   353.68,   594.13
  851.22,   351.85,   719.07
  854.86,   350.03,   844.00
  845.26,   478.64,   596.03
  848.89,   476.82,   720.96
  852.53,   474.99,   845.89
  600.39,   349.94,    98.90
  603.02,   349.09,   223.87
  605.65,   348.25,   348.84
  598.54,   474.92,    99.79
  601.17,   474.08,   224.76
  603.80,   473.23,   349.72
  596.69,   599.90,   100.67
  599.32,   599.06,   225.64
  601.95,   598.22,   350.61
  725.35,   351.81,    96.29
  727.98,   350.96,   221.26
  730.61,   350.12,   346.23
  723.50,   476.79,    97.17
  726.13,   475.95,   222.14
  728.76,   475.10,   347.11
  721.64,   601.77,    98.05
  724.27,   600.93,   223.02
  726.91,   600.09,   347.99
  850.31,   353.68,    93.67
  852.94,   352.83,   218.64
  855.57,   351.99,   343.61
  848.46,   478.66,    94.55
  851.09,   477.82,   219.52
  853.72,   476.97,   344.49
  846.60,   603.64,    95.43
  849.23,   602.80,   220.40
  851.86,   601.96,   345.37
  598.01,   350.07,   223.56
  601.25,   347.14,   348.49
  604.49,   344.20,   473.41
  600.73,   475.01,   226.43
  603.97,   472.07,   351.35
  607.21,   469.14,   476.27
  603.45,   599.94,   229.29
  606.69,   597.01,   354.21
  609.93,   594.08,   479.14
  722.94,   347.43,   220.26
  726.18,   344.49,   345.19
  729.42,   341.56,   470.11
  725.66,   472.36,   223.13
  728.90,   469.43,   348.05
  732.14,   466.50,   472.97
  728.38,   597.30,   225.99
  731.62,   594.37,   350.91
  734.86,   591.43,   475.84
  847.87,   344.78,   216.96
  851.11,   341.85,   341.89
  854.34,   338.92,   466.81
  850.59,   469.72,   219.83
  853.83,   466.79,   344.75
  857.06,   463.85,   469.67
  853.31,   594.66,   222.69
  856.55,   591.72,   347.61
  859.78,   588.79,   472.54
  598.83,   351.26,   349.06
  599.51,   352.08,   474.05
  600.19,   352.90,   599.05
  602.14,   476.21,   348.22
  602.82,   477.03,   473.22
  603.50,   477.85,   598.21
  605.45,   601.16,   347.38
  606.13,   601.98,   472.38
  606.81,   602.80,   597.37
  723.78,   347.94,   348.40
  724.46,   348.76,   473.40
  725.15,   349.58,   598.39
  727.10,   472.89,   347.56
  727.78,   473.71,   472.56
  728.46,   474.53,   597.55
  730.41,   597.85,   346.72
  731.09,   598.67,   471.72
  731.77,   599.49,   596.72
  848.74,   344.62,   347.74
  849.42,   345.44,   472.74
  850.10,   346.27,   597.73
  852.05,   469.58,   346.90
  852.73,   470.40,   471.90
  853.41,   471.22,   596.90
  855.36,   594.53,   346.07
  856.04,   595.35,   471.06
  856.72,   596.17,   596.06
  598.50,   351.25,   474.12
  598.28,   349.68,   599.11
  598.05,   348.12,   724.10
  595.62,   476.21,   475.68
  595.40,   474.64,   600.67
  595.17,   473.08,   725.66
  592.74,   601.16,   477.24
  592.52,   599.60,   602.23
  592.29,   598.03,   727.22
  723.47,   354.13,   474.38
  723.25,   352.56,   599.37
  723.02,   351.00,   724.36
  720.59,   479.09,   475.94
  720.36,   477.52,   600.93
  720.14,   475.95,   725.92
  717.71,   604.04,   477.50
  717.48,   602.48,   602.49
  717.26,   600.91,   727.48
  848.44,   357.01,   474.64
  848.21,   355.44,   599.63
  847.99,   353.88,   724.62
  845.56,   481.96,   476.20
  845.33,   480.40,   601.19
  845.11,   478.83,   726.18
  842.67,   606.92,   477.76
  842.45,   605.36,   602.75
  842.22,   603.79,   727.74
  598.75,   350.86,   598.73
  599.28,   351.66,   723.73
  599.82,   352.47,   848.73
  595.70,   475.82,   597.95
  596.23,   476.63,   722.94
  596.77,   477.43,   847.94
  592.65,   600.78,   597.16
  593.18,   601.59,   722.15
  593.72,   602.39,   847.15
  723.72,   353.91,   598.18
  724.25,   354.71,   723.18
  724.78,   355.51,   848.18
  720.67,   478.87,   597.40
  721.20,   479.67,   722.39
  721.73,   480.47,   847.39
  717.62,   603.83,   596.61
  718.15,   604.63,   721.60
  718.68,   605.43,   846.60
  848.68,   356.96,   597.63
  849.21,   357.76,   722.63
  849.74,   358.56,   847.63
  845.63,   481.92,   596.85
  846.16,   482.72,   721.84
  846.69,   483.52,   846.84
  842.58,   606.88,   596.06
  843.11,   607.68,   721.05
  843.64,   608.48,   846.05
  600.97,   475.22,   101.70
  600.39,   478.66,   226.65
  599.80,   482.11,   351.60
  603.46,   600.15,    98.26
  602.88,   603.59,   223.22
  602.29,   607.04,   348.17
  605.95,   725.07,    94.83
  605.37,   728.52,   219.78
  604.78,   731.96,   344.74
  725.94,   472.75,   102.35
  725.36,   476.19,   227.30
  724.78,   479.63,   352.25
  728.43,   597.67,    98.92
  727.85,   601.12,   223.87
  727.27,   604.56,   348.82
  730.92,   722.60,    95.48
  730.34,   726.05,   220.43
  729.76,   729.49,   345.39
  850.92,   470.27,   103.00
  850.33,   473.72,   227.95
  849.75,   477.16,   352.90
  853.41,   595.20,    99.57
  852.82,   598.64,   224.52
  852.24,   602.09,   349.47
  855.90,   720.13,    96.13
  855.31,   723.57,   221.09
  854.73,   727.02,   346.04
  601.14,   474.35,   223.01
  598.03,   474.99,   347.97
  594.93,   475.63,   472.93
  598.49,   599.32,   222.31
  595.38,   599.96,   347.27
  592.27,   600.60,   472.23
  595.83,   724.29,   221.60
  592.72,   724.93,   346.56
  589.61,   725.57,   471.52
  726.07,   477.02,   226.11
  722.97,   477.66,   351.07
  719.86,   478.31,   476.03
  723.42,   601.99,   225.40
  720.31,   602.63,   350.36
  717.20,   603.28,   475.32
  720.76,   726.96,   224.69
  717.65,   727.60,   349.65
  714.55,   728.24,   474.61
  851.01,   479.70,   229.20
  847.90,   480.34,   354.16
  844.79,   480.98,   479.12
  848.35,   604.67,   228.50
  845.24,   605.31,   353.45
  842.14,   605.95,   478.41
  845.70,   729.64,   227.79
  842.59,   730.28,   352.75
  839.48,   730.92,   477.71
  600.40,   473.96,   350.72
  601.00,   474.10,   475.72
  601.61,   474.25,   600.72
  600.93,   598.95,   350.57
  601.54,   599.10,   475.57
  602.14,   599.25,   600.57
  601.46,   723.95,   350.42
  602.07,   724.10,   475.42
  602.68,   724.25,   600.42
  725.39,   473.42,   350.12
  726.00,   473.57,   475.12
  726.61,   473.72,   600.12
  725.93,   598.42,   349.97
  726.54,   598.57,   474.97
  727.14,   598.72,   599.97
  726.46,   723.42,   349.82
  727.07,   723.57,   474.82
  727.68,   723.71,   599.82
  850.39,   472.89,   349.51
  851.00,   473.03,   474.51
  851.61,   473.18,   599.51
  850.93,   597.89,   349.36
  851.53,   598.03,   474.36
  852.14,   598.18,   599.36
  851.46,   722.88,   349.21
  852.07,   723.03,   474.21
  852.67,   723.18,   599.21
  601.26,   476.44,   474.51
  598.51,   478.88,   599.46
  595.76,   481.32,   724.41
  601.60,   601.42,   472.08
  598.85,   603.86,   597.03
  596.10,   606.29,   721.97
  601.94,   726.39,   469.65
  599.19,   728.83,   594.60
  596.44,   731.27,   719.54
  726.23,   476.16,   477.27
  723.48,   478.59,   602.22
  720.73,   481.03,   727.16
  726.57,   601.13,   474.84
  723.82,   603.57,   599.79
  721.07,   606.01,   724.73
  726.91,   726.11,   472.41
  724.16,   728.55,   597.35
  721.41,   730.99,   722.30
  851.20,   475.87,   480.03
  848.45,   478.31,   604.98
  845.70,   480.75,   729.92
  851.54,   600.85,   477.60
  848.79,   603.29,   602.54
  846.04,   605.72,   727.49
  851.88,   725.82,   475.17
  849.13,   728.26,   600.11
  846.38,   730.70,   725.06
  601.93,   475.46,   601.88
  605.66,   472.49,   726.79
  609.39,   469.53,   851.70
  603.23,   600.41,   604.80
  606.97,   597.45,   729.71
  610.70,   594.49,   854.62
  604.54,   725.37,   607.73
  608.27,   722.41,   732.64
  612.00,   719.45,   857.55
  726.87,   474.24,   598.12
  730.60,   471.28,   723.03
  734.33,   468.32,   847.94
  728.17,   599.20,   601.04
  731.90,   596.24,   725.95
  735.64,   593.28,   850.86
  729.48,   724.16,   603.97
  733.21,   721.20,   728.88
  736.94,   718.23,   853.78
  851.80,   473.02,   594.36
  855.54,   470.06,   719.27
  859.27,   467.10,   844.18
  853.11,   597.98,   597.28
  856.84,   595.02,   722.19
  860.57,   592.06,   847.10
  854.41,   722.94,   600.20
  858.14,   719.98,   725.11
  861.88,   717.02,   850.02
  599.83,   601.44,   100.65
  600.10,   601.69,   225.65
  600.37,   601.94,   350.65
  599.63,   726.44,   100.40
  599.91,   726.69,   225.40
  600.18,   726.94,   350.40
  599.44,   851.44,   100.15
  599.71,   851.69,   225.15
  599.99,   851.94,   350.15
  724.83,   601.63,   100.38
  725.10,   601.88,   225.38
  725.37,   602.13,   350.38
  724.63,   726.63,   100.13
  724.91,   726.88,   225.12
  725.18,   727.13,   350.12
  724.44,   851.63,    99.87
  724.71,   851.88,   224.87
  724.99,   852.13,   349.87
  849.83,   601.82,   100.10
  850.10,   602.07,   225.10
  850.37,   602.33,   350.10
  849.63,   726.82,    99.85
  849.91,   727.07,   224.85
  850.18,   727.33,   349.85
  849.44,   851.82,    99.60
  849.71,   852.07,   224.60
  849.99,   852.33,   349.60
  601.48,   598.56,   225.74
  601.00,   598.96,   350.73
  600.52,   599.36,   475.73
  601.81,   723.56,   225.34
  601.32,   723.96,   350.34
  600.84,   724.36,   475.33
  602.13,   848.56,   224.94
  601.65,   848.96,   349.94
  601.16,   849.36,   474.94
  726.48,   598.24,   226.22
  726.00,   598.64,   351.22
  725.52,   599.04,   476.22
  726.80,   723.24,   225.82
  726.32,   723.64,   350.82
  725.84,   724.04,   475.82
  727.13,   848.24,   225.42
  726.64,   848.64,   350.42
  726.16,   849.04,   475.42
  851.48,   597.92,   226.70
  851.00,   598.32,   351.70
  850.52,   598.72,   476.70
  851.80,   722.92,   226.30
  851.32,   723.32,   351.30
  850.84,   723.72,   476.30
  852.12,   847.92,   225.91
  851.64,   848.32,   350.91
  851.16,   848.72,   475.90
  601.49,   598.10,   349.38
  603.67,   598.65,   474.36
  605.84,   599.20,   599.34
  603.64,   723.08,   348.79
  605.81,   723.63,   473.77
  607.99,   724.18,   598.75
  605.79,   848.06,   348.20
  607.96,   848.61,   473.18
  610.14,   849.16,   598.16
  726.46,   595.94,   347.21
  728.63,   596.49,   472.19
  730.81,   597.04,   597.17
  728.60,   720.92,   346.63
  730.78,   721.47,   471.60
  732.95,   722.02,   596.58
  730.75,   845.90,   346.04
  732.92,   846.45,   471.02
  735.10,   847.00,   596.00
  851.42,   593.78,   345.05
  853.59,   594.33,   470.03
  855.77,   594.89,   595.01
  853.56,   718.76,   344.46
  855.74,   719.31,   469.44
  857.92,   719.87,   594.42
  855.71,   843.74,   343.87
  857.89,   844.29,   468.85
  860.06,   844.85,   593.83
  598.99,   599.25,   474.49
  600.03,   602.90,   599.44
  601.08,   606.54,   724.38
  595.84,   724.16,   470.87
  596.88,   727.80,   595.82
  597.92,   731.45,   720.76
  592.68,   849.06,   467.25
  593.73,   852.71,   592.20
  594.77,   856.36,   717.14
  723.95,   602.37,   473.36
  724.99,   606.02,   598.30
  726.03,   609.66,   723.24
  720.79,   727.28,   469.74
  721.84,   730.93,   594.68
  722.88,   734.57,   719.62
  717.64,   852.19,   466.12
  718.68,   855.83,   591.06
  719.73,   859.48,   716.00
  848.90,   605.49,   472.22
  849.95,   609.14,   597.17
  850.99,   612.79,   722.11
  845.75,   730.40,   468.60
  846.79,   734.05,   593.55
  847.84,   737.69,   718.49
  842.60,   855.31,   464.98
  843.64,   858.95,   589.93
  844.68,   862.60,   714.87
  600.37,   601.76,   600.69
  601.05,   602.41,   725.68
  601.72,   603.07,   850.68
  599.82,   726.75,   600.03
  600.50,   727.41,   725.03
  601.17,   728.07,   850.03
  599.27,   851.75,   599.38
  599.95,   852.41,   724.38
  600.62,   853.06,   849.37
  725.37,   602.30,   600.01
  726.04,   602.96,   725.00
  726.72,   603.62,   850.00
  724.82,   727.30,   599.35
  725.49,   727.96,   724.35
  726.17,   728.61,   849.35
  724.27,   852.30,   598.70
  724.94,   852.95,   723.70
  725.62,   853.61,   848.69
  850.36,   602.85,   599.33
  851.04,   603.51,   724.32
  851.72,   604.16,   849.32
  849.81,   727.85,   598.68
  850.49,   728.50,   723.67
  851.17,   729.16,   848.67
  849.26,   852.84,   598.02
  849.94,   853.50,   723.02
  850.62,   854.16,   848.01
