27, 125, pa2-debug-e-output1.txt
  192.35,   208.76,   198.49
  403.90,   407.70,   209.84
  101.73,    98.91,    98.41
  102.39,   102.43,   224.09
  102.87,   106.61,   350.82
  102.16,   223.78,    94.99
  102.46,   227.92,   220.39
  103.16,   231.88,   346.60
  101.78,   348.91,    92.46
  102.61,   352.58,   217.00
  103.58,   355.79,   341.40
  226.59,    98.45,    97.62
  227.62,   102.21,   223.42
  228.28,   106.77,   349.65
  227.00,   223.77,    94.46
  227.97,   227.08,   219.70
  228.49,   231.26,   345.35
  226.65,   349.14,    91.52
  227.25,   352.10,   215.73
  228.53,   355.56,   340.67
  351.26,    98.17,    97.57
  352.99,   101.52,   222.18
  353.87,   106.18,   347.66
  351.49,   223.20,    94.31
  352.66,   226.66,   218.88
  354.05,   230.65,   344.01
  351.61,   349.10,    90.17
  352.31,   352.17,   215.45
  353.63,   355.08,   340.70
  100.49,    98.77,   226.62
   99.00,    98.07,   353.28
   98.00,    97.01,   478.78
   99.40,   224.38,   227.79
   98.12,   223.49,   354.18
   96.87,   222.05,   479.73
   98.50,   349.03,   229.15
   97.37,   347.46,   353.71
   95.78,   345.94,   478.52
  225.72,    99.78,   227.98
  224.34,    99.50,   354.24
  223.27,    98.53,   479.19
  224.93,   224.71,   229.11
  223.43,   224.09,   354.86
  222.28,   222.88,   480.13
  223.09,   349.68,   229.87
  222.36,   348.40,   354.88
  221.20,   347.04,   479.96
  351.13,   100.28,   228.71
  349.93,   100.14,   354.31
  348.51,    99.48,   479.82
  349.70,   225.46,   230.22
  349.03,   224.65,   355.44
  347.84,   223.43,   480.80
  348.15,   350.86,   231.63
  347.55,   349.01,   356.90
  346.77,   347.40,   482.12
  100.93,   100.72,   351.50
  102.72,   102.39,   477.04
  104.67,   102.80,   601.03
  102.18,   226.10,   349.61
  103.69,   227.30,   475.14
  105.66,   228.27,   598.61
  103.55,   350.07,   346.51
  104.70,   351.15,   471.24
  105.78,   352.53,   596.10
  226.28,    99.97,   349.60
  227.98,   101.71,   474.63
  230.14,   101.83,   598.21
  227.51,   224.54,   347.54
  229.13,   226.02,   472.80
  230.95,   226.68,   597.08
  228.52,   348.87,   344.99
  230.27,   350.18,   470.07
  231.15,   351.31,   595.16
  351.86,    98.43,   346.88
  353.24,   100.50,   472.40
  354.84,   101.09,   597.28
  353.07,   222.97,   345.34
  354.70,   224.44,   470.70
  356.12,   225.29,   595.85
  353.65,   347.40,   344.19
  355.73,   348.39,   469.42
  357.05,   349.64,   594.55
  100.77,   102.18,   476.81
  102.98,   100.31,   600.84
  104.93,    97.73,   724.63
   97.10,   227.07,   477.27
   99.40,   225.81,   600.71
  101.79,   223.93,   723.36
   93.54,   350.92,   475.74
   94.92,   349.97,   600.57
   96.13,   348.94,   725.54
  226.00,   106.19,   474.18
  228.45,   104.06,   597.73
  230.54,   100.88,   721.73
  222.44,   230.45,   474.60
  224.54,   228.86,   598.87
  226.34,   226.99,   721.93
  218.88,   354.57,   474.10
  220.01,   353.48,   599.21
  221.16,   352.79,   723.86
  351.24,   109.64,   471.59
  353.11,   107.97,   596.49
  355.10,   105.40,   721.49
  347.99,   233.50,   472.28
  349.70,   232.11,   597.38
  351.12,   230.58,   722.29
  344.36,   357.50,   473.27
  345.89,   356.51,   598.40
  347.29,   355.88,   723.43
   99.26,   100.49,   600.32
  100.38,    99.95,   724.17
  100.90,   100.56,   849.13
  101.16,   226.00,   598.09
  102.71,   226.14,   720.70
  102.22,   226.14,   847.15
  102.13,   350.22,   595.83
  102.47,   351.21,   720.77
  103.08,   351.85,   847.37
  224.76,    98.69,   597.92
  226.02,    97.50,   721.97
  227.33,    98.06,   848.50
  226.43,   223.59,   597.08
  227.36,   223.66,   720.14
  228.20,   224.17,   844.68
  227.42,   348.19,   595.41
  227.72,   349.44,   720.03
  228.81,   350.80,   844.75
  349.50,    97.18,   597.54
  350.73,    96.56,   722.52
  351.56,    97.08,   847.21
  351.60,   221.39,   596.41
  352.18,   221.77,   721.33
  352.81,   223.07,   846.14
  353.32,   345.72,   595.37
  353.87,   346.99,   720.43
  354.73,   348.94,   844.76
  100.43,   224.05,    98.22
   97.99,   225.12,   223.71
   95.99,   225.94,   350.07
  101.96,   349.24,    98.85
  100.14,   349.78,   223.45
   98.34,   349.90,   347.99
  103.80,   474.38,    99.59
  102.38,   474.39,   223.47
  100.81,   473.93,   346.79
  225.30,   222.09,   100.39
  223.51,   222.37,   225.78
  221.26,   223.46,   351.54
  226.80,   347.50,   100.54
  224.76,   347.36,   224.91
  223.28,   347.76,   349.92
  228.39,   472.38,   101.11
  226.42,   472.38,   224.76
  225.76,   472.07,   349.01
  349.71,   219.60,   102.98
  348.24,   220.03,   227.62
  346.84,   220.98,   352.85
  351.73,   345.59,   102.09
  349.80,   345.46,   227.37
  348.45,   345.33,   352.64
  353.66,   471.08,   101.59
  351.39,   470.78,   226.97
  350.08,   470.26,   352.14
  101.19,   227.13,   223.84
  104.49,   227.14,   350.11
  107.79,   226.60,   475.63
  101.50,   351.81,   224.32
  105.00,   351.12,   348.76
  107.92,   350.46,   473.49
  101.95,   476.45,   225.10
  105.69,   475.14,   348.34
  108.75,   474.62,   472.79
  226.68,   226.19,   220.53
  229.80,   226.46,   346.22
  233.23,   226.19,   471.46
  226.08,   351.24,   220.46
  229.96,   350.81,   345.46
  233.52,   350.36,   470.55
  225.94,   476.29,   221.13
  230.58,   475.17,   345.35
  234.27,   474.74,   470.40
  351.32,   225.68,   217.11
  355.31,   225.76,   342.22
  358.77,   225.47,   467.55
  351.09,   351.23,   217.59
  355.03,   350.22,   342.86
  358.93,   349.44,   468.07
  350.90,   476.57,   217.94
  354.84,   475.24,   343.11
  358.79,   474.46,   468.43
  100.67,   224.05,   352.58
  100.73,   227.38,   478.02
  101.25,   230.49,   601.39
  101.17,   348.00,   347.34
  100.88,   351.21,   472.01
  100.51,   354.69,   596.82
  101.79,   472.00,   343.03
  101.63,   475.32,   467.43
  100.55,   479.46,   593.26
  226.01,   223.41,   351.95
  226.17,   226.98,   477.13
  226.49,   229.76,   601.31
  226.15,   347.68,   347.23
  226.40,   351.12,   472.24
  225.79,   354.40,   597.28
  226.73,   471.98,   343.20
  227.19,   475.42,   468.17
  226.18,   479.90,   593.93
  351.61,   222.73,   351.18
  351.75,   226.29,   476.51
  351.71,   229.24,   601.59
  351.32,   347.09,   347.88
  351.91,   350.23,   473.08
  351.72,   353.63,   598.17
  351.08,   472.04,   344.23
  351.77,   475.18,   469.52
  351.72,   479.14,   594.86
   99.24,   225.54,   478.18
   96.69,   227.43,   601.53
   94.15,   228.76,   724.33
   96.24,   349.38,   473.37
   92.80,   351.57,   598.15
   89.14,   353.67,   723.23
   93.74,   473.55,   469.97
   89.55,   476.22,   595.76
   85.43,   479.31,   722.18
  224.61,   228.37,   480.29
  221.79,   229.90,   604.43
  218.70,   231.22,   727.33
  221.60,   352.50,   476.54
  217.82,   354.57,   601.55
  214.03,   357.09,   726.15
  219.22,   476.80,   473.61
  214.97,   480.12,   599.39
  210.00,   483.98,   725.33
  350.12,   230.89,   482.76
  346.94,   232.60,   607.79
  343.46,   234.24,   732.55
  347.08,   354.86,   480.48
  343.68,   357.07,   605.54
  340.18,   359.67,   730.48
  343.77,   479.84,   478.05
  340.48,   482.67,   603.41
  337.05,   486.15,   728.62
  100.62,   225.29,   601.69
   99.94,   222.84,   724.40
   97.06,   220.32,   851.14
  101.44,   349.51,   602.09
   99.62,   347.90,   727.03
   98.19,   345.97,   853.79
  102.95,   474.39,   603.58
  100.17,   473.80,   730.21
   99.57,   472.17,   856.65
  225.86,   222.93,   602.86
  224.59,   220.42,   725.84
  223.23,   218.31,   850.62
  226.69,   347.56,   603.85
  224.82,   346.26,   728.37
  223.71,   344.94,   853.10
  228.54,   473.19,   605.56
  225.61,   473.20,   731.30
  224.53,   471.27,   857.13
  351.00,   220.82,   604.44
  349.36,   218.64,   729.31
  347.85,   217.42,   854.07
  352.60,   345.19,   606.01
  350.93,   343.91,   731.02
  349.55,   343.39,   855.16
  354.23,   470.75,   607.74
  352.78,   470.35,   732.93
  351.65,   469.03,   857.22
   98.70,   348.83,    98.08
  100.21,   347.37,   222.67
  101.72,   345.51,   347.24
  101.11,   473.98,   100.73
  102.99,   471.94,   224.61
  104.74,   469.46,   347.91
  104.04,   598.94,   102.56
  105.88,   597.36,   226.83
  107.82,   594.43,   350.30
  223.55,   346.56,    96.45
  224.83,   344.41,   220.76
  226.67,   342.82,   345.82
  225.69,   471.38,    98.95
  227.01,   469.43,   222.55
  229.65,   467.13,   346.85
  228.65,   596.03,   101.48
  230.58,   594.32,   225.34
  232.94,   591.90,   348.72
  348.47,   344.10,    94.56
  349.86,   342.00,   219.82
  351.83,   339.87,   345.10
  350.96,   469.56,    96.00
  351.99,   467.31,   221.38
  353.98,   464.76,   346.59
  354.13,   593.73,    98.31
  355.27,   592.12,   222.83
  356.82,   590.49,   347.66
   99.95,   350.83,   226.33
   98.03,   353.97,   350.76
   95.62,   357.18,   475.41
  101.25,   475.43,   223.29
   99.58,   478.03,   346.56
   97.24,   481.35,   471.01
  102.62,   600.95,   220.50
  101.06,   603.14,   344.06
   98.77,   606.12,   468.89
  224.55,   349.41,   227.91
  222.99,   352.85,   352.84
  221.02,   356.23,   477.81
  225.29,   474.40,   224.71
  224.55,   477.12,   348.89
  222.78,   480.56,   473.84
  227.41,   599.32,   222.60
  226.36,   601.92,   345.88
  224.48,   605.36,   470.66
  349.60,   348.49,   230.52
  348.15,   351.40,   355.74
  346.54,   354.52,   480.90
  350.27,   473.78,   227.02
  348.86,   476.33,   352.12
  347.34,   479.50,   477.38
  352.14,   598.58,   223.49
  350.29,   602.09,   348.16
  348.27,   605.61,   473.42
   99.47,   350.83,   348.52
   99.38,   350.23,   473.29
   99.24,   349.86,   598.16
  100.94,   474.88,   348.05
  100.93,   474.40,   472.55
  100.02,   474.68,   598.45
  102.39,   599.97,   349.29
  102.47,   599.20,   474.15
  101.49,   600.01,   600.18
  224.44,   349.70,   348.20
  224.87,   349.30,   473.29
  224.48,   348.71,   598.38
  225.91,   474.02,   348.03
  226.50,   473.65,   473.08
  225.62,   474.28,   598.89
  227.67,   598.84,   348.75
  228.11,   598.52,   473.64
  227.02,   599.79,   599.78
  349.60,   348.28,   348.66
  350.40,   347.57,   473.90
  350.40,   347.11,   599.03
  350.24,   473.24,   348.87
  351.12,   472.54,   474.22
  351.25,   472.65,   599.60
  351.60,   599.02,   348.70
  351.94,   598.69,   474.07
  351.84,   598.33,   599.81
   98.70,   351.33,   475.15
  101.87,   353.13,   599.93
  104.81,   354.87,   724.89
   97.63,   475.51,   472.33
  100.08,   477.94,   598.14
  102.12,   480.82,   724.76
   96.44,   600.32,   471.84
   98.94,   603.19,   597.77
  101.34,   607.09,   723.87
  224.13,   352.96,   471.73
  227.12,   354.56,   596.80
  230.07,   356.62,   721.47
  223.16,   477.28,   469.37
  225.69,   480.10,   595.17
  227.64,   483.53,   721.00
  222.18,   602.08,   467.85
  224.50,   605.50,   593.91
  226.32,   609.32,   720.35
  349.58,   353.81,   468.98
  353.00,   355.52,   594.08
  356.26,   357.61,   719.11
  347.67,   478.81,   467.11
  351.19,   481.07,   592.48
  354.65,   483.95,   717.69
  345.95,   604.92,   464.80
  349.16,   606.76,   590.51
  352.42,   608.18,   716.06
  100.00,   350.78,   600.41
  102.04,   350.04,   725.33
  104.39,   348.94,   851.94
  100.46,   475.63,   601.01
  101.55,   475.98,   727.63
  104.58,   475.23,   854.12
  101.62,   600.99,   603.02
  102.98,   602.41,   729.21
  106.71,   601.56,   855.27
  225.24,   349.96,   598.25
  227.27,   349.50,   722.85
  230.11,   349.10,   847.53
  226.08,   475.53,   599.03
  227.07,   476.43,   724.82
  229.81,   475.53,   850.60
  227.15,   601.05,   600.20
  228.01,   602.36,   726.66
  231.08,   600.39,   853.20
  351.15,   348.68,   596.51
  353.41,   348.24,   721.55
  355.99,   348.46,   845.85
  351.68,   474.22,   597.34
  354.16,   474.64,   722.55
  357.08,   474.22,   847.01
  351.95,   599.91,   597.81
  354.31,   599.02,   723.34
  357.65,   597.73,   848.17
   99.46,   473.74,   100.36
  103.46,   476.27,   224.21
  107.41,   478.32,   347.41
   96.87,   598.58,    97.61
  100.74,   601.80,   221.94
  104.81,   603.42,   345.50
   93.33,   723.02,    93.20
   97.88,   727.42,   219.28
  101.47,   728.83,   344.34
  223.99,   476.59,    96.51
  227.42,   479.27,   220.02
  232.26,   481.50,   344.19
  221.33,   601.14,    94.54
  225.50,   604.17,   218.53
  229.97,   606.32,   341.71
  219.10,   726.77,    90.87
  224.42,   729.76,   216.88
  227.75,   732.08,   339.80
  349.24,   480.26,    91.31
  352.35,   482.70,   216.56
  356.44,   484.78,   341.67
  346.82,   604.31,    89.34
  350.23,   607.32,   213.66
  353.87,   610.51,   338.21
  344.05,   728.75,    87.26
  348.87,   731.43,   211.00
  351.82,   736.23,   334.82
   99.39,   475.68,   224.60
  101.79,   474.40,   347.89
  103.55,   473.86,   472.36
  100.10,   601.23,   225.56
  102.66,   599.50,   349.17
  104.54,   598.67,   473.99
  100.76,   726.91,   226.35
  102.83,   724.88,   351.30
  104.59,   723.88,   476.43
  223.38,   475.27,   221.90
  226.73,   474.15,   346.12
  229.11,   473.73,   471.17
  224.89,   600.22,   223.61
  227.91,   598.98,   346.89
  230.11,   598.61,   471.74
  227.27,   725.79,   225.22
  229.12,   724.78,   348.19
  231.02,   724.03,   472.92
  348.36,   475.30,   220.01
  351.04,   473.98,   345.19
  353.69,   473.21,   470.53
  349.61,   600.08,   220.36
  351.83,   599.75,   345.06
  353.92,   599.39,   470.41
  351.70,   724.35,   220.84
  353.18,   725.72,   344.93
  354.83,   725.89,   470.67
   99.12,   473.88,   347.06
   96.35,   474.68,   471.54
   92.67,   476.11,   597.38
  102.95,   598.90,   347.06
  100.22,   599.42,   471.91
   96.47,   601.40,   597.90
  106.15,   724.22,   347.92
  103.30,   724.56,   473.09
  100.52,   726.61,   598.28
  224.03,   470.63,   349.80
  221.81,   471.55,   474.79
  218.10,   473.48,   600.56
  228.14,   595.40,   349.31
  225.82,   596.35,   474.18
  221.93,   598.93,   600.30
  232.31,   721.16,   349.34
  229.66,   721.71,   474.12
  226.10,   723.38,   599.65
  348.34,   467.45,   353.48
  346.42,   468.06,   478.78
  343.68,   469.51,   604.12
  351.99,   593.18,   352.12
  349.59,   594.10,   477.45
  346.70,   595.12,   603.16
  356.23,   719.22,   350.72
  353.39,   720.56,   476.49
  350.03,   720.05,   602.37
   99.31,   472.80,   474.07
   98.50,   469.99,   599.89
   97.44,   467.43,   726.42
   97.07,   597.57,   478.76
   96.20,   595.26,   604.68
   95.43,   593.72,   730.74
   94.15,   722.82,   484.45
   94.17,   720.49,   609.39
   94.51,   718.70,   734.00
  224.88,   475.71,   474.53
  224.08,   473.30,   600.30
  222.76,   471.36,   726.04
  222.82,   600.49,   478.19
  221.76,   598.81,   604.31
  220.26,   597.41,   730.78
  220.57,   725.70,   482.48
  219.86,   723.27,   607.93
  219.15,   721.39,   734.03
  349.46,   478.31,   475.63
  349.69,   475.37,   600.98
  349.85,   473.04,   726.16
  346.66,   604.37,   478.53
  346.60,   600.97,   604.27
  346.65,   597.48,   729.82
  344.56,   730.63,   481.97
  343.96,   725.78,   607.78
  343.67,   719.90,   733.12
   97.19,   475.16,   599.42
   94.98,   473.82,   725.98
   94.81,   471.59,   852.42
  101.09,   600.50,   603.05
   99.02,   600.22,   729.18
   99.38,   597.83,   855.02
  105.30,   725.67,   606.42
  104.31,   725.37,   731.12
  104.45,   722.49,   857.35
  222.70,   472.33,   600.85
  220.15,   471.59,   726.64
  219.39,   469.03,   852.49
  226.54,   597.83,   603.69
  223.87,   597.59,   730.17
  223.48,   593.99,   856.73
  230.74,   722.29,   606.10
  228.84,   721.35,   732.22
  229.54,   716.66,   860.17
  348.32,   468.21,   602.61
  347.24,   467.09,   727.79
  346.56,   465.11,   852.19
  351.38,   593.82,   604.75
  350.28,   591.58,   730.28
  350.11,   588.78,   855.13
  354.72,   718.66,   607.07
  353.28,   713.77,   732.37
  353.13,   711.27,   856.84
   98.27,   599.85,   102.72
   99.98,   603.76,   227.02
  101.76,   606.25,   350.67
   95.70,   724.40,    97.43
   98.04,   729.36,   223.55
   99.33,   731.62,   348.65
   93.15,   849.52,    92.05
   95.00,   853.86,   219.05
   96.65,   856.94,   345.28
  222.84,   601.52,   101.87
  224.84,   605.21,   225.81
  227.09,   608.19,   349.05
  221.74,   727.20,    97.51
  224.65,   730.81,   223.27
  225.72,   733.97,   346.25
  219.36,   852.29,    92.66
  221.30,   857.00,   217.61
  223.07,   860.19,   342.80
  348.34,   603.70,    98.86
  349.56,   607.53,   223.22
  351.01,   611.52,   347.81
  346.77,   727.98,    95.90
  349.12,   731.72,   219.59
  349.87,   737.34,   343.57
  344.13,   853.32,    91.48
  346.98,   857.27,   214.54
  347.80,   861.98,   339.81
  101.46,   599.80,   224.18
  103.32,   595.99,   347.71
  104.50,   593.09,   472.46
  102.43,   725.47,   227.08
  103.80,   721.33,   351.91
  104.86,   718.25,   477.00
  102.25,   850.17,   229.01
  103.87,   846.69,   354.97
  105.43,   844.05,   480.13
  226.23,   598.55,   222.88
  228.55,   595.23,   346.15
  230.07,   592.76,   470.98
  228.90,   724.05,   226.55
  230.05,   720.96,   349.50
  231.23,   718.15,   474.22
  228.71,   850.30,   227.33
  230.55,   847.24,   352.45
  232.92,   844.08,   477.75
  350.97,   598.17,   220.33
  352.49,   595.71,   345.05
  353.90,   593.23,   470.38
  353.32,   722.42,   222.85
  354.09,   721.70,   346.98
  355.03,   719.72,   472.71
  354.17,   847.80,   224.17
  354.96,   846.58,   349.40
  356.18,   844.48,   476.02
   99.59,   597.19,   350.96
   99.88,   595.21,   475.81
   99.13,   594.77,   601.81
  102.64,   722.47,   354.26
  102.88,   720.34,   479.43
  103.10,   719.98,   604.60
  105.32,   847.80,   356.36
  106.08,   846.09,   481.52
  107.49,   845.39,   604.77
  224.85,   593.75,   350.14
  225.52,   592.24,   475.03
  224.64,   592.34,   601.18
  228.87,   719.48,   352.58
  229.22,   717.57,   477.38
  228.59,   716.84,   602.95
  232.00,   845.75,   354.64
  233.52,   843.51,   479.97
  234.27,   842.00,   604.16
  348.73,   591.63,   349.87
  349.34,   590.05,   475.23
  349.50,   588.59,   600.96
  352.87,   717.67,   350.92
  353.00,   716.51,   476.66
  352.62,   713.54,   602.56
  356.32,   842.58,   352.39
  356.73,   841.37,   479.05
  357.67,   838.97,   605.23
  100.33,   596.96,   474.11
   96.15,   600.70,   600.11
   92.19,   605.20,   726.06
   99.07,   722.18,   473.58
   95.84,   725.91,   598.73
   92.94,   730.10,   723.14
   98.04,   847.99,   471.68
   95.82,   851.41,   594.93
   93.37,   854.70,   716.95
  225.96,   598.28,   476.80
  221.65,   602.62,   602.91
  216.87,   607.32,   729.43
  225.48,   723.58,   474.93
  221.57,   727.03,   600.41
  217.60,   731.27,   726.23
  225.48,   849.58,   473.26
  223.11,   852.32,   597.26
  219.20,   856.38,   719.98
  349.77,   600.46,   480.40
  346.43,   603.15,   606.09
  343.11,   605.63,   731.65
  349.34,   726.84,   477.65
  345.57,   728.07,   603.49
  342.00,   728.24,   728.81
  348.90,   851.48,   475.83
  346.73,   853.58,   601.87
  344.08,   856.20,   726.03
  100.82,   599.55,   599.79
   96.85,   602.87,   725.87
   95.34,   604.24,   851.60
  102.39,   724.73,   599.61
   99.54,   727.93,   724.19
   97.68,   729.00,   850.03
  104.31,   850.22,   596.93
  101.98,   852.48,   719.22
   98.27,   853.26,   845.37
  226.28,   599.53,   602.47
  221.67,   602.95,   728.97
  219.38,   602.96,   855.69
  227.98,   723.99,   601.24
  224.14,   726.83,   727.19
  222.94,   725.86,   855.32
  231.36,   849.28,   599.49
  227.57,   852.02,   722.42
  224.89,   851.33,   849.52
  351.09,   598.16,   605.54
  347.99,   599.44,   731.08
  345.88,   600.20,   855.98
  351.95,   723.11,   604.23
  348.56,   721.90,   729.53
  346.44,   722.89,   854.10
  354.83,   848.65,   603.96
  352.32,   849.66,   728.26
  348.88,   851.02,   851.78
  225.77,   101.27,    98.05
  222.68,   102.89,   223.88
  219.18,   105.29,   350.17
  225.86,   226.61,    97.04
  222.71,   227.81,   222.30
  219.08,   229.86,   348.00
  225.15,   352.01,    96.21
  221.68,   352.84,   220.44
  218.86,   354.18,   345.35
  350.43,   101.29,   102.09
  348.00,   102.60,   226.74
  344.73,   105.15,   352.31
  350.30,   226.40,   100.94
  347.41,   227.78,   225.56
  344.63,   229.64,   350.76
  350.06,   352.40,    99.02
  346.72,   353.24,   224.28
  343.98,   354.04,   349.50
  475.55,   101.37,   105.95
  473.40,   102.45,   230.07
  469.96,   104.88,   354.82
  475.59,   226.13,   104.50
  472.64,   227.50,   229.11
  469.95,   229.35,   353.66
  475.55,   352.28,   102.21
  471.70,   353.50,   228.20
  468.85,   354.11,   353.25
  225.23,   101.60,   224.01
  222.08,    99.72,   350.25
  219.24,    97.17,   475.19
  227.64,   226.49,   226.83
  224.42,   224.27,   352.53
  221.50,   221.48,   477.79
  229.04,   351.45,   229.30
  226.58,   348.54,   354.27
  223.68,   345.59,   479.30
  350.56,    98.84,   226.45
  347.61,    97.08,   352.03
  344.44,    94.85,   477.49
  352.37,   223.96,   229.64
  349.97,   221.57,   354.80
  347.03,   218.78,   480.12
  354.06,   349.33,   232.75
  351.73,   345.87,   357.96
  349.21,   342.66,   483.11
  475.93,    96.27,   229.36
  472.75,    94.36,   354.18
  469.46,    92.18,   479.94
  477.64,   221.16,   232.76
  475.30,   218.82,   357.23
  472.22,   216.21,   482.63
  479.06,   347.07,   236.24
  476.64,   343.45,   361.18
  474.20,   340.15,   486.03
  224.35,    99.42,   350.99
  222.47,   101.85,   476.01
  221.05,   102.65,   599.53
  223.03,   223.99,   348.21
  221.04,   226.18,   473.47
  219.26,   227.57,   597.66
  221.50,   348.30,   344.87
  219.60,   350.33,   469.88
  216.87,   352.20,   594.92
  349.93,   100.52,   351.83
  347.72,   103.25,   477.33
  345.79,   104.46,   602.10
  348.59,   225.02,   349.57
  346.62,   227.17,   474.92
  344.47,   228.72,   599.97
  346.66,   349.41,   347.63
  345.12,   351.15,   472.83
  342.76,   353.14,   597.92
  475.15,   101.52,   353.05
  472.84,   104.33,   478.80
  470.22,   106.01,   604.80
  473.92,   225.99,   351.14
  471.85,   228.30,   476.52
  469.24,   229.93,   602.30
  471.54,   350.75,   350.03
  470.11,   352.36,   474.92
  468.20,   354.35,   600.17
  227.05,   102.65,   475.21
  225.42,   100.13,   598.76
  223.44,    96.59,   722.79
  224.84,   226.95,   475.97
  222.89,   225.01,   600.19
  220.66,   222.75,   723.12
  222.60,   351.10,   475.75
  219.66,   349.65,   600.80
  216.76,   348.58,   725.33
  352.30,   104.76,   476.75
  350.14,   102.68,   601.59
  348.15,    99.71,   726.54
  350.40,   228.66,   477.68
  348.05,   226.90,   602.76
  345.41,   224.99,   727.57
  348.10,   352.64,   478.94
  345.54,   351.32,   604.03
  342.86,   350.33,   728.99
  477.40,   106.57,   478.45
  474.56,   104.95,   604.51
  471.90,   102.76,   729.94
  475.59,   230.53,   479.53
  472.77,   228.85,   605.34
  469.92,   227.10,   731.12
  473.07,   354.62,   481.24
  470.97,   353.28,   606.50
  468.70,   352.15,   731.82
  226.83,   101.99,   600.71
  225.76,    98.47,   724.76
  224.76,    96.81,   851.37
  224.49,   226.86,   602.12
  223.15,   224.65,   725.11
  221.70,   222.81,   849.81
  221.48,   351.53,   602.77
  219.49,   350.51,   727.34
  218.28,   349.40,   852.18
  351.55,   104.33,   602.65
  350.44,   101.40,   727.63
  348.95,    99.73,   852.29
  349.67,   228.55,   603.81
  347.93,   226.68,   728.67
  346.35,   225.77,   853.38
  347.38,   352.99,   605.09
  345.63,   352.04,   730.09
  344.20,   351.74,   854.22
  475.98,   106.39,   604.66
  474.19,   104.23,   730.12
  471.96,   103.10,   853.97
  474.41,   230.30,   605.48
  472.47,   228.57,   731.28
  470.64,   228.14,   856.27
  472.84,   354.75,   606.64
  471.48,   353.65,   731.97
  470.29,   353.35,   856.51
  225.73,   226.09,   100.96
  228.02,   228.65,   226.28
  229.94,   232.00,   351.91
  225.48,   351.49,    98.80
  227.52,   353.65,   223.08
  230.21,   356.29,   348.04
  225.40,   476.29,    97.11
  227.46,   478.68,   220.67
  230.91,   480.64,   344.87
  350.17,   225.33,    99.43
  352.75,   228.02,   224.05
  355.50,   231.15,   349.19
  350.45,   351.30,    96.17
  352.56,   353.49,   221.45
  355.28,   355.57,   346.71
  350.70,   476.69,    93.37
  352.45,   478.81,   218.69
  355.18,   480.61,   343.84
  475.43,   224.51,    97.53
  478.01,   227.13,   222.17
  480.80,   230.30,   346.67
  476.01,   350.53,    93.80
  477.59,   353.19,   219.87
  480.16,   355.15,   344.98
  476.26,   476.35,    90.61
  477.41,   478.83,   217.23
  479.81,   480.75,   342.60
  227.19,   223.56,   222.76
  226.26,   227.86,   348.42
  225.65,   231.58,   473.62
  227.44,   348.54,   218.66
  227.27,   352.13,   343.61
  226.80,   355.70,   468.61
  228.07,   473.58,   215.33
  228.72,   476.46,   339.51
  228.48,   479.99,   464.44
  351.90,   222.20,   223.35
  351.84,   226.34,   348.50
  351.25,   230.02,   473.82
  352.49,   347.67,   219.83
  352.41,   350.71,   345.08
  352.27,   353.97,   470.27
  353.12,   472.99,   216.16
  353.05,   475.68,   341.30
  352.99,   478.95,   466.56
  477.21,   220.61,   224.29
  477.18,   224.77,   348.76
  476.50,   228.64,   474.10
  477.55,   346.61,   221.06
  477.33,   349.54,   346.14
  477.26,   352.71,   470.99
  478.10,   472.28,   217.57
  477.70,   475.08,   342.90
  477.89,   478.19,   467.75
  225.38,   226.22,   351.51
  227.26,   227.66,   476.74
  229.31,   228.29,   600.98
  222.31,   350.51,   348.97
  224.25,   351.80,   474.04
  225.35,   352.94,   599.13
  219.74,   474.77,   347.11
  221.83,   476.11,   472.12
  222.45,   478.49,   597.96
  350.92,   228.73,   349.04
  352.80,   230.13,   474.38
  354.45,   230.97,   599.51
  347.41,   353.12,   347.91
  349.72,   354.11,   473.15
  351.23,   355.38,   598.27
  344.03,   478.07,   346.39
  346.38,   479.10,   471.73
  348.00,   480.94,   597.14
  476.18,   231.20,   346.82
  478.00,   232.78,   472.14
  479.21,   233.70,   597.94
  472.22,   356.01,   346.51
  474.65,   356.88,   471.38
  476.62,   358.14,   596.61
  468.56,   481.55,   345.48
  471.18,   482.40,   470.43
  473.56,   483.74,   595.39
  224.80,   226.43,   475.19
  226.82,   223.81,   599.42
  228.51,   220.87,   722.46
  222.26,   350.56,   475.71
  223.29,   348.42,   600.79
  224.39,   346.66,   725.34
  220.31,   474.89,   477.06
  220.79,   474.01,   602.89
  220.78,   473.58,   728.70
  350.36,   228.48,   472.95
  351.95,   226.07,   598.06
  353.27,   223.49,   722.98
  347.77,   352.45,   474.96
  349.19,   350.44,   600.07
  350.49,   348.74,   725.09
  344.92,   477.41,   476.82
  346.43,   476.00,   602.22
  347.89,   475.18,   727.43
  475.58,   230.69,   470.84
  476.71,   228.38,   596.64
  477.76,   225.91,   722.48
  472.72,   354.77,   473.34
  474.59,   352.75,   598.57
  476.25,   350.90,   723.91
  469.75,   480.25,   475.66
  472.05,   478.33,   600.63
  474.43,   476.61,   725.69
  226.47,   224.82,   600.34
  222.64,   227.52,   723.24
  218.71,   230.64,   847.68
  228.84,   349.37,   596.25
  224.33,   353.27,   720.76
  220.60,   357.19,   845.52
  232.27,   474.78,   592.82
  226.78,   480.07,   718.52
  222.78,   483.65,   844.38
  351.55,   221.36,   604.52
  347.39,   224.34,   729.26
  343.38,   228.34,   853.81
  354.63,   345.65,   601.02
  350.43,   349.58,   725.94
  346.54,   354.19,   850.04
  357.73,   471.07,   597.66
  353.73,   475.87,   722.77
  350.12,   479.80,   847.21
  476.14,   217.98,   608.73
  471.78,   221.09,   734.43
  467.56,   225.58,   859.22
  479.90,   342.25,   605.02
  476.09,   346.00,   730.30
  472.50,   350.63,   854.78
  483.28,   467.73,   601.52
  480.16,   471.62,   726.51
  477.04,   475.35,   850.58
  224.63,   350.46,    98.47
  224.70,   353.13,   222.75
  225.41,   356.27,   347.69
  226.24,   475.25,    96.27
  226.32,   478.13,   219.86
  227.82,   480.57,   344.03
  228.60,   599.79,    93.97
  229.38,   603.05,   218.02
  230.53,   605.42,   341.28
  349.59,   348.61,    97.86
  349.76,   351.30,   223.12
  350.52,   353.90,   348.38
  351.52,   474.00,    94.53
  351.33,   476.60,   219.87
  352.11,   478.88,   345.01
  354.13,   598.12,    92.12
  354.13,   601.31,   216.60
  354.46,   604.63,   341.28
  475.13,   346.20,    97.55
  474.79,   349.32,   223.55
  475.42,   351.79,   348.64
  477.06,   472.01,    93.85
  476.27,   474.95,   220.46
  476.74,   477.33,   345.80
  479.57,   596.59,    90.71
  478.85,   599.56,   215.91
  478.91,   603.41,   341.72
  225.42,   350.40,   226.10
  226.99,   351.60,   351.11
  228.18,   352.77,   476.19
  222.53,   475.39,   225.14
  224.89,   475.90,   349.36
  226.22,   477.12,   474.41
  221.05,   600.32,   225.28
  223.09,   600.68,   348.55
  224.27,   601.94,   473.42
  350.44,   353.10,   225.53
  352.09,   353.73,   350.82
  353.65,   354.59,   476.05
  347.49,   478.38,   224.25
  349.18,   478.71,   349.41
  350.78,   479.62,   474.76
  345.78,   603.14,   223.03
  347.02,   604.45,   347.67
  348.08,   605.75,   473.01
  475.43,   355.70,   225.03
  476.94,   356.16,   350.15
  478.61,   356.92,   475.01
  472.40,   481.30,   223.87
  473.76,   481.73,   349.24
  475.65,   482.46,   474.17
  470.52,   605.92,   221.30
  471.41,   607.88,   347.14
  472.68,   609.18,   472.79
  224.09,   348.50,   348.23
  225.30,   347.13,   473.32
  225.72,   345.56,   598.40
  222.26,   472.78,   349.01
  223.59,   471.46,   474.05
  223.47,   471.10,   599.85
  220.72,   597.52,   350.73
  221.90,   596.25,   475.62
  221.54,   596.64,   601.77
  349.22,   350.40,   347.93
  350.81,   348.73,   473.17
  351.61,   347.30,   598.29
  346.57,   475.34,   349.09
  348.21,   473.68,   474.45
  349.10,   472.83,   599.83
  344.65,   601.05,   349.92
  345.75,   599.75,   475.27
  346.37,   598.50,   601.04
  474.08,   352.58,   347.28
  475.78,   350.79,   472.15
  476.98,   349.34,   597.41
  471.15,   478.10,   348.95
  473.07,   476.25,   473.88
  474.72,   474.92,   598.86
  469.03,   604.27,   349.45
  470.36,   602.93,   475.07
  471.68,   600.46,   600.12
  224.07,   347.95,   473.66
  225.67,   344.23,   598.70
  227.33,   340.84,   723.16
  228.25,   472.22,   476.54
  229.31,   469.70,   602.29
  229.95,   467.65,   727.93
  232.38,   597.05,   480.18
  233.20,   595.23,   606.27
  233.67,   593.59,   732.63
  349.55,   343.74,   472.21
  351.52,   340.13,   597.27
  353.33,   336.76,   722.26
  352.84,   468.57,   475.63
  354.94,   465.52,   600.93
  357.01,   463.05,   726.06
  356.17,   594.63,   478.58
  358.08,   591.12,   604.23
  360.14,   587.50,   729.65
  474.49,   339.96,   469.86
  476.80,   336.33,   595.09
  478.87,   332.81,   720.47
  477.69,   465.24,   473.70
  480.52,   461.75,   598.62
  483.38,   458.48,   723.65
  480.90,   591.77,   477.05
  483.51,   587.24,   601.96
  486.26,   582.25,   726.67
  225.95,   349.16,   600.08
  223.72,   349.28,   724.65
  222.26,   349.40,   849.42
  225.83,   474.76,   600.31
  222.52,   476.23,   726.12
  220.96,   475.82,   852.04
  225.97,   600.28,   600.92
  222.54,   602.21,   727.44
  221.36,   600.81,   854.14
  351.86,   348.81,   602.59
  349.86,   348.98,   727.61
  348.18,   349.83,   851.79
  351.45,   474.40,   602.87
  349.64,   475.44,   728.08
  348.23,   475.54,   852.53
  350.78,   600.06,   602.80
  348.87,   599.82,   728.37
  347.93,   599.12,   853.30
  477.26,   348.77,   604.32
  475.65,   348.78,   729.68
  474.22,   349.63,   854.29
  477.12,   474.38,   604.48
  476.22,   474.51,   729.56
  475.26,   474.50,   853.67
  476.16,   599.88,   604.46
  474.97,   597.99,   729.20
  474.23,   597.49,   853.44
  223.44,   475.57,   100.11
  224.63,   478.33,   223.68
  227.14,   480.70,   347.86
  225.04,   600.19,    97.93
  226.88,   603.27,   221.92
  229.04,   605.55,   345.18
  227.15,   725.84,    94.21
  230.00,   728.81,   220.02
  230.99,   731.37,   343.00
  348.75,   475.11,    97.40
  349.60,   477.59,   222.68
  351.42,   479.79,   347.82
  350.56,   599.22,    95.07
  351.61,   602.33,   219.51
  352.97,   605.57,   344.16
  352.17,   723.48,    92.80
  354.42,   726.49,   216.49
  355.05,   731.43,   340.52
  474.30,   473.92,    95.65
  474.54,   476.74,   222.23
  476.04,   479.04,   347.56
  475.99,   598.45,    92.58
  476.34,   601.36,   217.75
  477.40,   605.15,   343.56
  477.40,   722.12,    90.48
  478.74,   725.14,   213.52
  478.98,   730.79,   339.01
  223.35,   475.53,   226.33
  227.58,   476.23,   350.55
  230.80,   477.65,   475.62
  225.50,   600.48,   226.20
  229.40,   601.07,   349.48
  232.45,   602.55,   474.36
  228.53,   726.04,   225.99
  231.27,   726.89,   348.94
  234.06,   728.00,   473.69
  348.27,   474.85,   223.61
  351.84,   475.36,   348.77
  355.34,   476.44,   474.10
  350.18,   599.65,   222.11
  353.28,   601.16,   346.79
  356.24,   602.65,   472.13
  352.92,   723.90,   220.75
  355.28,   727.12,   344.81
  357.80,   729.15,   470.57
  473.19,   474.09,   221.39
  476.43,   474.67,   346.74
  480.23,   475.58,   471.60
  474.88,   598.76,   218.64
  477.70,   600.81,   344.46
  480.95,   602.28,   470.04
  477.20,   722.62,   216.04
  479.19,   726.55,   341.60
  481.99,   728.91,   468.21
  226.70,   472.76,   350.18
  227.06,   473.02,   475.24
  225.97,   474.29,   601.06
  230.55,   597.56,   350.26
  230.78,   597.87,   475.18
  229.50,   599.77,   601.33
  234.48,   723.35,   350.84
  234.41,   723.29,   475.68
  233.39,   724.23,   601.22
  351.00,   469.83,   351.25
  351.67,   469.76,   476.60
  351.59,   470.51,   601.97
  354.42,   595.59,   350.46
  354.58,   595.88,   475.85
  354.30,   596.14,   601.56
  358.41,   721.62,   349.62
  358.11,   722.37,   475.45
  357.34,   721.13,   601.39
  475.61,   467.06,   352.05
  476.57,   466.80,   476.93
  477.23,   467.10,   601.93
  478.87,   593.21,   351.06
  479.31,   593.42,   476.59
  479.71,   592.63,   601.58
  482.36,   719.09,   349.43
  482.36,   720.08,   476.03
  482.24,   717.88,   601.95
  223.99,   472.34,   472.17
  225.19,   470.37,   597.93
  225.89,   468.89,   723.65
  222.79,   597.13,   475.37
  223.72,   595.91,   601.46
  224.19,   594.98,   727.89
  221.37,   722.39,   479.18
  222.62,   720.41,   604.65
  223.83,   718.93,   730.72
  348.58,   474.13,   471.28
  350.80,   471.64,   596.63
  352.95,   469.76,   721.81
  346.61,   600.19,   473.73
  348.55,   597.31,   599.45
  350.59,   594.29,   724.98
  345.33,   726.53,   476.65
  346.71,   722.25,   602.49
  348.35,   716.75,   727.83
  473.41,   476.25,   469.45
  476.38,   473.29,   594.38
  479.39,   470.56,   719.41
  471.21,   602.92,   472.24
  473.86,   598.86,   597.26
  476.64,   594.20,   721.97
  469.32,   729.52,   474.85
  471.45,   724.10,   600.86
  473.35,   716.85,   724.82
  224.78,   473.37,   601.49
  226.48,   473.66,   727.25
  229.98,   472.14,   852.98
  221.66,   598.88,   603.35
  223.15,   599.65,   729.82
  226.98,   597.00,   856.33
  218.95,   723.33,   604.86
  221.20,   723.61,   730.87
  226.08,   719.80,   858.89
  350.35,   476.28,   599.15
  353.52,   476.14,   724.35
  357.13,   475.10,   848.77
  346.43,   601.91,   600.30
  349.43,   600.51,   725.85
  353.47,   598.62,   850.67
  343.02,   726.84,   601.69
  345.63,   723.09,   727.03
  349.53,   721.24,   851.51
  475.88,   479.57,   595.88
  479.91,   478.52,   720.91
  484.01,   477.29,   845.10
  471.64,   605.12,   597.12
  475.36,   601.99,   721.80
  479.57,   600.17,   846.04
  467.61,   730.42,   599.10
  470.51,   724.83,   723.12
  473.80,   723.67,   846.20
  226.45,   600.00,   100.28
  223.88,   597.73,   224.19
  221.73,   594.64,   347.43
  225.80,   725.80,   102.03
  224.05,   723.27,   227.59
  220.67,   720.32,   350.54
  223.78,   851.11,   103.08
  221.34,   849.54,   228.12
  218.63,   846.60,   353.21
  351.92,   601.90,   101.77
  348.60,   599.74,   226.20
  345.65,   597.53,   350.86
  350.86,   726.05,   104.74
  348.46,   724.09,   228.43
  344.81,   723.54,   352.58
  348.79,   851.48,   106.04
  346.80,   849.54,   229.45
  343.19,   848.50,   354.83
  477.22,   603.91,   103.62
  473.28,   601.73,   228.87
  470.03,   600.15,   354.69
  476.01,   727.31,   106.36
  472.65,   725.77,   229.84
  468.58,   726.09,   355.49
  474.32,   852.46,   108.91
  471.44,   850.27,   231.79
  467.35,   849.95,   357.04
  225.57,   599.05,   226.23
  225.02,   601.41,   349.53
  223.59,   604.65,   474.38
  229.39,   724.56,   224.30
  227.63,   727.19,   347.29
  225.92,   730.01,   472.01
  230.36,   850.77,   219.36
  229.15,   853.47,   344.47
  228.72,   856.05,   469.83
  350.26,   597.52,   226.68
  348.92,   600.77,   351.36
  347.40,   604.05,   476.66
  353.77,   721.76,   223.54
  351.70,   726.74,   347.67
  349.79,   730.44,   473.41
  355.83,   847.02,   219.24
  353.70,   851.49,   344.41
  352.04,   854.97,   471.06
  474.95,   595.97,   227.87
  473.33,   599.77,   353.64
  472.04,   602.98,   479.13
  478.02,   719.88,   223.43
  475.57,   725.58,   349.05
  473.84,   729.60,   475.61
  480.52,   844.26,   220.17
  478.09,   849.35,   345.16
  476.01,   853.33,   472.58
  224.67,   599.55,   347.81
  222.59,   600.98,   472.65
  218.94,   604.07,   598.76
  225.05,   725.33,   347.34
  222.64,   726.33,   472.06
  219.42,   728.53,   597.55
  224.34,   851.65,   346.32
  223.19,   852.39,   471.63
  221.50,   853.90,   595.63
  348.61,   601.14,   350.27
  346.40,   602.60,   475.58
  343.69,   604.08,   601.32
  349.17,   727.13,   348.36
  346.58,   728.99,   474.10
  343.43,   729.06,   599.98
  348.93,   851.98,   346.93
  346.68,   853.63,   473.55
  345.15,   854.55,   599.60
  473.02,   602.38,   353.15
  471.03,   603.80,   478.69
  468.98,   604.05,   603.72
  473.01,   728.24,   350.32
  470.58,   730.44,   476.92
  468.06,   729.35,   602.97
  473.26,   852.02,   348.25
  470.49,   854.21,   475.73
  468.93,   854.87,   603.38
  224.61,   598.82,   473.02
  224.99,   602.33,   599.15
  224.92,   606.18,   725.65
  227.12,   724.19,   471.95
  227.87,   726.78,   597.45
  228.51,   729.97,   723.30
  230.13,   850.22,   471.09
  232.42,   852.10,   595.26
  233.16,   855.24,   718.17
  348.42,   597.90,   471.99
  349.77,   599.82,   597.71
  351.17,   601.44,   723.28
  350.97,   724.36,   469.99
  351.85,   724.89,   595.93
  352.89,   724.00,   721.25
  353.43,   849.05,   468.90
  355.78,   850.31,   595.19
  357.89,   851.77,   719.76
  473.06,   596.58,   471.10
  475.11,   597.41,   596.13
  477.22,   597.46,   720.85
  475.05,   723.27,   468.82
  476.62,   722.83,   594.88
  477.92,   720.37,   718.97
  477.41,   847.23,   466.99
  479.68,   848.20,   594.73
  482.44,   848.83,   720.21
  223.23,   600.87,   598.89
  220.72,   603.82,   725.43
  220.46,   603.43,   852.18
  220.41,   725.30,   598.20
  218.65,   727.80,   724.10
  219.51,   726.36,   852.33
  219.20,   850.57,   596.81
  217.55,   852.89,   719.70
  216.97,   851.73,   846.92
  347.96,   604.11,   599.80
  346.94,   604.78,   725.41
  346.93,   605.00,   850.38
  344.44,   729.08,   598.98
  343.09,   727.48,   724.37
  343.02,   727.67,   849.06
  342.92,   854.50,   599.09
  342.46,   855.33,   723.34
  341.12,   855.98,   847.13
  473.22,   607.38,   600.54
  472.89,   606.27,   725.24
  473.05,   606.62,   849.51
  469.05,   732.69,   600.34
  467.94,   729.20,   724.41
  467.21,   730.28,   847.48
  466.66,   858.08,   601.24
  467.26,   858.28,   726.75
  466.19,   860.42,   849.00
  349.43,   101.37,    98.73
  351.50,   103.97,   223.37
  352.75,   107.86,   348.85
  348.69,   226.47,    96.23
  350.22,   229.15,   220.85
  351.95,   232.33,   346.02
  347.80,   352.41,    92.92
  348.88,   354.64,   218.20
  350.58,   356.77,   343.47
  474.43,   102.11,    98.17
  476.94,   104.40,   222.30
  478.00,   108.15,   346.94
  473.95,   226.82,    95.29
  475.48,   229.47,   219.97
  477.25,   232.65,   344.50
  473.37,   352.82,    91.52
  473.92,   355.54,   217.62
  475.44,   357.51,   342.77
  599.77,   103.02,    96.84
  602.01,   105.60,   221.65
  602.91,   108.86,   346.03
  599.26,   227.50,    93.93
  601.28,   230.15,   219.23
  602.60,   233.65,   343.47
  598.85,   353.35,    90.65
  599.29,   356.12,   217.11
  600.81,   358.93,   341.64
  348.99,    98.41,   222.60
  348.77,    96.17,   348.18
  348.31,    93.51,   473.68
  346.90,   223.55,   226.20
  347.21,   220.70,   351.38
  346.99,   217.47,   476.72
  344.69,   348.92,   229.66
  345.06,   345.03,   354.91
  345.25,   341.36,   480.09
  474.43,    99.75,   222.95
  474.00,    97.39,   347.70
  473.43,    94.79,   473.44
  472.14,   224.74,   226.72
  472.55,   221.88,   351.22
  472.25,   218.83,   476.59
  469.68,   350.69,   230.54
  469.96,   346.56,   355.57
  470.28,   342.78,   480.44
  599.43,   101.84,   223.77
  598.85,    98.96,   348.12
  598.48,    95.88,   473.28
  597.92,   226.34,   227.45
  597.86,   223.74,   351.64
  597.38,   220.68,   476.64
  595.05,   352.24,   231.47
  595.28,   348.90,   355.81
  595.24,   345.38,   480.21
  348.77,    99.22,   349.23
  348.75,    98.57,   474.76
  348.99,    96.44,   599.59
  350.68,   223.75,   350.40
  350.90,   222.51,   475.78
  350.94,   220.65,   600.89
  351.99,   348.12,   351.95
  352.64,   346.44,   477.18
  352.50,   345.00,   602.30
  473.97,    96.96,   348.28
  473.84,    96.38,   474.05
  473.47,    94.75,   600.07
  476.03,   221.47,   349.76
  476.15,   220.44,   475.16
  475.66,   218.67,   601.04
  476.91,   346.23,   352.10
  477.65,   344.46,   476.99
  477.87,   342.98,   602.29
  598.76,    95.04,   348.20
  598.85,    93.97,   473.40
  598.22,    92.74,   599.86
  601.35,   219.86,   349.70
  601.29,   218.84,   474.73
  600.45,   216.81,   600.65
  602.28,   345.09,   351.81
  602.63,   343.64,   476.24
  602.34,   341.52,   601.52
  352.26,   102.20,   476.94
  350.37,   100.65,   601.78
  348.64,    98.20,   726.74
  349.30,   226.10,   477.33
  347.22,   224.86,   602.41
  344.84,   223.44,   727.22
  345.95,   350.06,   478.04
  343.63,   349.24,   603.13
  341.20,   348.76,   728.10
  477.35,   105.08,   478.39
  474.77,   103.98,   604.45
  472.36,   102.32,   729.88
  474.49,   229.04,   478.92
  471.92,   227.87,   604.73
  469.33,   226.63,   730.52
  470.90,   353.08,   480.10
  469.05,   352.27,   605.37
  467.03,   351.67,   730.69
  602.41,   107.79,   479.96
  599.55,   107.02,   606.44
  596.39,   105.88,   732.22
  599.53,   232.55,   480.64
  596.59,   231.05,   606.50
  593.52,   229.45,   732.53
  595.83,   357.30,   481.50
  593.54,   355.82,   606.79
  591.31,   354.40,   732.19
  349.31,   100.06,   599.23
  351.63,    94.70,   724.17
  353.58,    90.54,   848.67
  352.91,   224.17,   602.84
  354.57,   219.80,   727.73
  356.33,   216.38,   852.52
  356.14,   348.47,   606.58
  357.83,   344.98,   731.57
  359.76,   342.23,   855.69
  473.73,    96.79,   597.70
  475.42,    92.27,   723.09
  476.79,    88.58,   846.85
  477.58,   220.60,   600.99
  478.96,   216.34,   726.79
  480.36,   213.30,   851.75
  481.47,   344.86,   604.55
  483.43,   341.17,   729.87
  485.63,   338.38,   854.56
  598.46,    93.17,   595.45
  599.47,    89.34,   721.21
  600.61,    85.26,   845.22
  602.34,   217.18,   598.58
  603.18,   212.57,   724.59
  604.29,   209.32,   849.66
  605.85,   341.80,   601.75
  607.39,   337.21,   727.19
  610.02,   333.80,   852.52
  348.73,   224.99,   101.77
  349.78,   222.86,   226.43
  350.95,   221.26,   351.62
  346.39,   350.96,   103.39
  347.03,   348.26,   228.66
  348.24,   345.61,   353.94
  343.98,   476.35,   105.52
  344.32,   473.50,   230.74
  345.60,   470.49,   355.90
  474.02,   226.81,   101.45
  475.03,   224.61,   226.11
  476.27,   223.00,   350.63
  471.90,   352.91,   102.67
  472.02,   350.60,   228.69
  473.12,   347.73,   353.75
  469.50,   478.71,   104.41
  469.21,   476.18,   230.93
  470.18,   473.20,   356.25
  599.42,   228.92,   100.70
  600.80,   226.79,   225.99
  601.57,   225.44,   350.21
  597.38,   354.89,   102.37
  597.38,   352.70,   228.76
  598.43,   350.64,   353.14
  594.96,   480.75,   104.39
  594.20,   478.49,   231.40
  595.45,   476.02,   355.94
  350.55,   223.87,   223.78
  351.45,   227.11,   348.96
  351.83,   229.93,   474.29
  352.13,   349.32,   221.12
  353.02,   351.49,   346.39
  353.86,   353.87,   471.61
  353.77,   474.64,   218.32
  354.67,   476.48,   343.48
  355.57,   478.87,   468.79
  475.83,   221.24,   223.75
  476.78,   224.52,   348.25
  477.07,   227.54,   473.61
  477.18,   347.25,   221.40
  477.93,   349.31,   346.50
  478.84,   351.61,   471.36
  478.73,   472.91,   218.77
  479.31,   474.85,   344.12
  480.48,   477.09,   468.98
  601.66,   219.05,   223.90
  602.10,   222.60,   348.11
  602.19,   225.68,   473.09
  602.59,   344.90,   221.70
  603.32,   347.82,   346.16
  603.84,   350.51,   470.50
  603.76,   470.75,   219.52
  604.60,   473.21,   344.15
  605.88,   475.72,   468.07
  352.17,   225.62,   349.99
  353.67,   229.07,   475.31
  354.95,   231.95,   600.40
  350.05,   349.99,   346.80
  351.99,   353.03,   471.99
  353.15,   356.35,   597.09
  348.03,   474.94,   343.22
  350.04,   478.00,   468.51
  351.32,   481.87,   593.87
  477.48,   226.67,   348.10
  478.90,   230.32,   473.43
  479.73,   233.27,   599.20
  474.93,   351.46,   345.72
  476.96,   354.40,   470.56
  478.55,   357.69,   595.76
  472.62,   476.99,   342.67
  474.89,   479.89,   467.55
  476.89,   483.28,   592.47
  602.80,   228.42,   346.76
  604.01,   232.15,   471.69
  604.49,   234.82,   597.43
  600.26,   353.64,   344.24
  601.96,   356.96,   468.51
  603.05,   359.66,   593.66
  597.86,   479.03,   341.56
  600.30,   482.17,   465.51
  602.00,   485.14,   590.43
  350.04,   224.46,   477.21
  351.92,   223.01,   602.31
  353.51,   221.42,   727.24
  347.14,   348.41,   478.21
  348.83,   347.39,   603.32
  350.42,   346.69,   728.34
  343.99,   473.35,   479.09
  345.76,   472.95,   604.49
  347.51,   473.14,   729.70
  475.25,   226.97,   474.80
  476.64,   225.63,   600.63
  477.97,   224.16,   726.46
  472.10,   351.02,   476.28
  474.22,   350.00,   601.53
  476.16,   349.16,   726.88
  468.82,   476.46,   477.61
  471.39,   475.57,   602.59
  474.05,   474.88,   727.66
  600.33,   230.05,   472.54
  601.39,   228.43,   598.36
  602.22,   226.58,   724.39
  597.05,   354.82,   473.72
  598.70,   353.20,   598.94
  600.31,   351.48,   724.35
  594.17,   480.06,   475.07
  596.41,   478.68,   600.05
  598.52,   477.04,   724.96
  349.26,   222.97,   600.44
  349.76,   221.79,   725.34
  350.35,   221.56,   850.14
  352.28,   347.31,   600.98
  352.76,   347.04,   726.03
  353.54,   347.46,   850.28
  355.32,   472.82,   601.67
  356.05,   473.39,   726.88
  357.14,   473.10,   851.29
  473.96,   219.54,   599.84
  474.20,   218.48,   725.69
  474.51,   218.65,   850.74
  477.62,   343.83,   600.22
  478.43,   343.39,   725.62
  479.46,   343.78,   850.33
  480.94,   469.37,   600.77
  482.49,   469.08,   725.86
  484.06,   468.66,   850.04
  598.73,   216.25,   598.72
  598.42,   214.85,   724.79
  598.47,   214.84,   849.93
  602.06,   340.93,   598.70
  602.49,   339.60,   724.20
  604.00,   339.41,   849.56
  605.81,   466.40,   599.24
  606.73,   465.15,   724.22
  608.72,   464.31,   849.09
  351.37,   351.05,   100.91
  354.85,   347.84,   226.17
  358.91,   344.58,   351.40
  353.55,   476.47,   103.43
  356.70,   473.10,   228.75
  360.75,   469.52,   353.93
  356.48,   600.55,   106.73
  359.73,   597.93,   231.15
  363.28,   595.35,   355.99
  476.89,   348.43,    97.23
  479.84,   345.63,   223.21
  483.78,   342.28,   348.20
  479.06,   474.27,    99.43
  481.56,   471.28,   226.02
  485.37,   467.76,   351.28
  481.76,   598.70,   101.98
  484.35,   596.00,   227.31
  487.76,   593.87,   353.18
  602.29,   345.88,    93.96
  605.21,   343.15,   220.25
  609.13,   340.67,   344.60
  604.52,   471.75,    96.53
  606.56,   469.00,   223.53
  610.62,   466.05,   347.98
  606.48,   596.67,    99.13
  608.63,   593.66,   224.44
  613.03,   591.20,   350.17
  348.33,   351.86,   226.66
  352.34,   347.86,   351.88
  356.22,   344.09,   477.02
  346.35,   477.08,   230.07
  350.40,   472.76,   355.19
  354.33,   469.01,   480.49
  345.60,   601.88,   233.47
  349.14,   598.50,   358.12
  352.51,   595.09,   483.47
  473.29,   353.60,   223.88
  477.17,   349.41,   348.89
  481.16,   345.56,   473.66
  471.21,   479.15,   227.44
  474.96,   474.88,   352.73
  479.21,   470.93,   477.54
  470.27,   603.83,   229.60
  473.53,   601.05,   355.42
  477.22,   597.52,   480.92
  598.61,   355.05,   221.16
  602.47,   351.68,   345.52
  606.11,   348.20,   469.74
  596.17,   480.81,   225.09
  600.17,   477.05,   349.66
  604.53,   473.35,   473.54
  594.60,   605.38,   226.65
  598.80,   602.34,   352.60
  603.35,   598.88,   477.79
  349.80,   350.27,   351.14
  352.62,   348.86,   476.36
  354.65,   347.70,   601.47
  352.91,   475.20,   352.00
  355.79,   473.80,   477.35
  357.98,   473.21,   602.70
  356.71,   601.00,   352.47
  359.03,   599.98,   477.86
  360.99,   598.80,   603.55
  474.65,   346.65,   349.14
  477.56,   345.16,   474.01
  479.96,   343.96,   599.27
  477.48,   472.15,   350.55
  480.67,   470.56,   475.40
  483.57,   469.49,   600.36
  481.12,   598.28,   350.78
  483.78,   597.17,   476.33
  486.42,   594.99,   601.29
  599.97,   343.75,   346.72
  602.50,   342.63,   471.09
  604.37,   340.82,   596.31
  602.71,   469.15,   348.45
  605.97,   467.82,   472.37
  608.40,   466.26,   597.38
  606.35,   594.37,   348.97
  609.91,   593.29,   474.12
  612.58,   591.52,   598.91
  351.94,   350.20,   475.22
  354.97,   346.65,   600.27
  357.86,   343.37,   725.26
  352.91,   475.16,   478.61
  356.06,   472.17,   603.91
  359.23,   469.73,   729.04
  353.96,   601.30,   481.55
  356.86,   597.76,   607.21
  359.96,   594.03,   732.61
  476.89,   348.79,   471.91
  480.29,   345.21,   597.08
  483.46,   341.76,   722.40
  477.79,   474.21,   475.72
  481.67,   470.74,   600.60
  485.62,   467.44,   725.59
  478.67,   600.84,   479.04
  482.28,   596.21,   603.95
  486.03,   591.04,   728.59
  601.86,   348.55,   468.01
  604.74,   344.38,   593.13
  607.47,   340.01,   718.53
  603.12,   473.75,   471.75
  606.56,   469.80,   596.66
  609.79,   465.56,   721.55
  604.83,   599.28,   475.92
  608.46,   595.04,   600.61
  611.41,   590.41,   725.04
  350.52,   349.77,   600.79
  347.01,   353.58,   725.73
  343.84,   358.02,   849.86
  351.95,   475.26,   597.52
  348.61,   479.94,   722.67
  345.71,   483.68,   847.19
  353.12,   600.89,   593.86
  349.66,   604.18,   719.38
  347.13,   607.04,   844.33
  475.88,   347.99,   604.07
  472.80,   351.62,   729.35
  469.91,   356.07,   853.81
  477.55,   473.53,   600.67
  475.14,   477.27,   725.68
  472.72,   480.81,   849.78
  478.44,   599.08,   597.12
  475.67,   600.72,   721.77
  473.36,   603.56,   845.99
  600.30,   346.72,   606.57
  596.95,   349.49,   731.94
  594.84,   353.43,   857.14
  602.49,   472.22,   603.17
  599.59,   475.02,   728.05
  597.74,   478.21,   852.73
  604.66,   597.49,   600.20
  601.28,   599.66,   724.60
  598.39,   602.70,   848.65
  348.65,   477.43,    99.64
  351.48,   473.96,   224.90
  355.26,   470.22,   350.06
  345.56,   601.46,   103.40
  348.58,   598.69,   227.73
  351.90,   595.90,   352.41
  342.67,   725.63,   107.13
  346.52,   723.01,   230.74
  349.11,   721.86,   354.84
  474.13,   481.23,    95.96
  476.33,   478.11,   222.53
  479.81,   474.46,   347.85
  470.91,   605.55,    98.95
  473.26,   602.70,   224.10
  476.28,   600.52,   349.95
  467.63,   728.91,   102.63
  470.72,   726.62,   225.90
  472.92,   726.34,   351.49
  599.54,   484.72,    93.56
  601.25,   481.83,   220.42
  604.98,   478.70,   345.06
  595.69,   609.51,    96.35
  597.52,   606.35,   221.40
  601.49,   603.90,   347.37
  592.65,   733.47,    98.80
  594.94,   730.67,   222.92
  598.78,   729.22,   349.50
  349.29,   473.62,   226.11
  347.87,   475.59,   351.22
  346.35,   478.16,   476.50
  352.72,   598.41,   223.19
  350.84,   601.34,   347.88
  348.82,   604.26,   473.17
  356.98,   722.59,   220.39
  354.37,   727.26,   344.53
  351.96,   730.68,   470.27
  474.18,   471.37,   229.03
  472.47,   473.39,   354.27
  471.22,   475.77,   479.15
  477.38,   596.09,   224.89
  475.24,   599.55,   350.67
  473.44,   602.44,   476.18
  481.21,   719.98,   220.82
  478.25,   725.32,   346.44
  476.01,   729.05,   473.00
  599.19,   468.72,   232.22
  597.75,   471.28,   356.62
  596.58,   473.85,   480.67
  601.70,   593.40,   227.65
  600.52,   596.57,   353.38
  599.58,   599.47,   478.58
  605.31,   717.73,   223.16
  604.14,   721.83,   349.78
  603.10,   724.99,   476.41
  350.16,   475.08,   351.46
  347.17,   472.36,   476.72
  343.37,   470.48,   602.02
  346.70,   600.76,   353.19
  343.19,   598.35,   478.48
  339.15,   596.10,   604.18
  343.83,   726.72,   355.06
  339.92,   724.58,   480.73
  335.36,   720.91,   606.50
  474.70,   479.28,   355.99
  471.97,   476.36,   480.84
  468.95,   473.99,   605.78
  471.03,   605.45,   357.46
  467.70,   602.97,   482.96
  464.35,   599.38,   607.94
  467.52,   731.33,   358.39
  463.75,   729.52,   484.97
  459.86,   724.40,   610.82
  599.93,   483.51,   359.80
  597.29,   480.81,   483.88
  593.91,   477.91,   608.87
  596.34,   608.85,   361.65
  593.79,   606.45,   486.93
  590.43,   603.06,   611.58
  593.47,   734.28,   363.22
  590.62,   732.08,   489.85
  586.74,   728.01,   615.05
  348.54,   475.28,   475.66
  351.60,   476.59,   601.03
  354.65,   478.47,   726.23
  346.66,   601.39,   474.36
  349.44,   602.24,   600.09
  352.32,   602.75,   725.63
  345.49,   727.77,   473.54
  347.77,   727.26,   599.42
  350.26,   725.38,   724.73
  473.37,   477.23,   472.90
  477.19,   478.05,   597.83
  481.08,   479.01,   722.86
  471.24,   603.95,   471.96
  474.72,   603.63,   597.00
  478.28,   602.50,   721.67
  469.44,   730.59,   470.78
  472.46,   729.04,   596.91
  475.22,   725.49,   720.96
  598.72,   479.64,   469.08
  602.19,   480.00,   594.01
  605.43,   480.06,   718.93
  597.33,   605.32,   469.04
  600.99,   605.30,   593.81
  603.91,   604.77,   718.23
  596.40,   730.98,   468.75
  599.70,   730.48,   594.35
  602.10,   729.40,   717.77
  349.89,   476.58,   602.21
  347.08,   474.54,   727.36
  344.68,   471.58,   851.76
  345.97,   602.16,   605.16
  343.05,   598.97,   730.72
  341.15,   595.23,   855.63
  342.52,   726.94,   608.34
  339.32,   721.43,   733.69
  337.52,   717.88,   858.46
  475.49,   479.76,   604.88
  473.62,   476.80,   729.91
  471.67,   473.73,   853.97
  471.23,   605.11,   607.88
  469.08,   600.12,   732.57
  467.43,   596.70,   856.76
  467.14,   730.11,   611.66
  464.12,   722.64,   735.49
  461.67,   720.39,   858.68
  600.47,   483.35,   606.94
  598.09,   479.45,   731.79
  596.78,   475.99,   856.54
  597.44,   608.47,   610.52
  594.60,   603.85,   734.83
  592.43,   600.44,   858.92
  594.22,   733.42,   614.85
  590.69,   728.13,   737.98
  586.69,   725.97,   862.02
  352.10,   600.18,    98.72
  351.87,   599.13,   223.20
  352.00,   598.09,   347.95
  355.05,   724.33,   100.61
  355.82,   723.39,   224.28
  355.20,   724.10,   348.50
  357.03,   849.67,   100.97
  358.30,   848.71,   224.22
  357.66,   848.91,   349.51
  477.47,   598.24,    97.42
  476.57,   597.06,   222.75
  476.43,   596.55,   348.63
  480.24,   721.75,    99.22
  480.07,   721.01,   222.61
  479.12,   722.41,   348.34
  482.59,   846.75,   100.87
  482.99,   845.49,   223.62
  482.08,   846.34,   348.72
  602.24,   596.05,    98.04
  600.90,   594.63,   223.35
  601.70,   593.84,   349.20
  605.15,   720.16,    98.61
  604.22,   719.00,   222.83
  605.04,   719.13,   349.52
  607.98,   845.09,   100.14
  607.44,   843.73,   225.10
  608.20,   843.33,   350.03
  349.70,   602.08,   224.88
  347.71,   598.83,   349.54
  345.61,   595.54,   474.83
  350.38,   726.40,   228.17
  347.68,   724.83,   352.34
  345.15,   721.89,   478.03
  349.51,   851.85,   230.26
  346.87,   849.73,   355.68
  344.78,   846.66,   482.22
  474.41,   603.23,   226.52
  472.13,   600.60,   352.36
  470.24,   597.24,   477.87
  474.60,   727.24,   228.61
  471.51,   726.50,   354.27
  469.17,   723.87,   480.83
  474.20,   851.76,   231.69
  471.12,   850.34,   356.93
  468.49,   847.87,   484.43
  598.75,   604.01,   229.19
  597.45,   601.14,   355.10
  596.36,   597.85,   480.31
  598.87,   728.45,   231.03
  597.49,   726.54,   357.63
  596.18,   723.48,   484.25
  598.73,   853.08,   235.41
  597.25,   850.53,   360.14
  595.51,   847.51,   487.15
  348.37,   601.50,   349.11
  349.69,   597.91,   474.43
  350.60,   594.35,   600.13
  352.18,   727.49,   352.18
  353.05,   724.31,   477.94
  353.42,   719.24,   603.79
  355.18,   852.23,   355.77
  356.42,   848.93,   482.40
  358.24,   844.66,   608.50
  472.75,   599.42,   348.35
  474.35,   595.76,   473.89
  475.97,   591.11,   598.86
  476.04,   725.25,   350.57
  477.20,   722.36,   477.17
  478.28,   716.24,   603.02
  479.57,   849.08,   353.51
  480.43,   846.33,   481.00
  482.23,   841.68,   608.48
  597.96,   596.16,   347.53
  600.42,   592.55,   472.70
  602.09,   588.19,   597.42
  601.92,   721.42,   350.33
  604.28,   718.04,   476.97
  605.57,   713.18,   602.18
  605.69,   845.50,   353.31
  607.67,   842.06,   480.14
  608.80,   838.24,   607.00
  349.82,   600.75,   472.65
  352.26,   602.37,   598.36
  354.78,   603.63,   723.88
  350.40,   727.19,   470.94
  352.36,   727.45,   596.86
  354.49,   726.26,   722.13
  350.89,   851.83,   470.15
  354.37,   852.90,   596.38
  357.57,   854.24,   720.92
  474.46,   601.45,   470.63
  477.59,   601.97,   595.65
  480.77,   601.66,   720.32
  474.46,   728.11,   468.60
  477.13,   727.42,   594.73
  479.52,   724.70,   718.78
  474.82,   851.92,   467.09
  478.24,   852.76,   594.85
  482.19,   853.38,   720.41
  600.57,   600.98,   468.05
  603.86,   601.82,   592.83
  606.40,   602.14,   717.28
  601.51,   726.59,   466.97
  604.47,   726.99,   592.52
  606.48,   726.84,   715.99
  601.87,   850.51,   464.62
  604.67,   851.97,   591.88
  607.04,   853.64,   716.38
  349.77,   600.62,   598.67
  351.32,   600.65,   724.24
  353.86,   600.23,   849.13
  347.84,   725.65,   598.54
  349.00,   723.27,   723.89
  351.39,   722.83,   848.38
  347.88,   851.10,   599.38
  349.93,   851.04,   723.78
  351.11,   851.14,   847.38
  475.08,   602.27,   596.92
  477.32,   600.64,   721.63
  480.04,   600.26,   845.91
  472.56,   727.66,   597.36
  473.98,   723.55,   721.43
  475.78,   723.75,   844.56
  471.70,   853.05,   598.92
  474.67,   852.28,   724.37
  476.09,   853.69,   846.63
  601.36,   604.20,   595.06
  602.94,   603.10,   719.51
  604.92,   602.91,   843.63
  599.81,   729.35,   596.13
  600.85,   727.68,   719.55
  601.19,   728.37,   843.45
  597.96,   854.37,   596.97
  599.46,   854.63,   721.51
  599.40,   855.80,   845.47
  473.70,    99.68,    99.27
  477.12,    97.78,   223.39
  479.02,    97.26,   348.16
  476.12,   224.32,   100.65
  478.64,   222.74,   225.30
  481.37,   221.77,   349.78
  478.37,   350.40,   101.18
  479.95,   348.75,   227.21
  482.52,   346.55,   352.25
  598.96,    97.81,    97.02
  601.96,    96.18,   221.79
  603.78,    95.09,   346.21
  601.45,   222.14,    98.34
  604.44,   220.62,   223.62
  606.67,   219.92,   347.83
  603.81,   348.04,    99.34
  605.35,   346.48,   225.67
  607.89,   345.16,   350.03
  724.58,    95.69,    93.68
  726.91,    94.79,   219.97
  728.81,    92.91,   345.02
  726.38,   220.09,    95.63
  729.51,   219.16,   221.41
  731.83,   218.39,   345.94
  728.51,   345.54,    97.48
  730.25,   343.90,   223.32
  733.01,   343.69,   346.88
  477.66,    99.90,   225.28
  473.97,   104.28,   349.94
  470.12,   108.42,   475.62
  474.82,   224.85,   222.28
  471.87,   228.72,   346.74
  468.30,   232.31,   472.03
  471.84,   350.87,   219.22
  468.67,   353.49,   344.29
  465.72,   356.36,   469.12
  602.59,   102.64,   229.31
  598.82,   106.49,   353.59
  595.17,   110.21,   478.75
  600.56,   227.12,   226.20
  597.14,   231.24,   350.35
  593.33,   234.89,   475.29
  597.14,   353.00,   223.39
  593.95,   356.42,   347.81
  590.67,   359.61,   472.10
  727.60,   105.64,   233.21
  723.92,   108.74,   358.01
  720.26,   111.92,   482.12
  725.63,   230.02,   229.60
  722.27,   234.16,   353.89
  718.13,   237.58,   478.65
  722.02,   354.80,   226.78
  719.12,   359.40,   350.32
  715.30,   363.14,   474.53
  477.01,   101.61,   350.24
  473.45,    99.06,   475.96
  469.67,    95.45,   601.90
  476.92,   226.09,   353.74
  473.63,   223.06,   479.07
  469.75,   219.34,   604.85
  475.71,   350.80,   358.04
  473.06,   347.06,   482.86
  469.87,   343.64,   608.09
  601.84,   101.71,   353.61
  598.46,    98.69,   478.78
  594.35,    95.45,   605.20
  602.20,   226.53,   357.07
  598.70,   223.47,   482.07
  594.45,   219.43,   607.95
  601.04,   351.72,   361.15
  597.98,   348.20,   485.53
  594.34,   344.09,   610.79
  726.93,   101.79,   357.74
  723.52,    98.30,   481.79
  719.63,    95.42,   607.33
  727.34,   227.30,   360.41
  723.57,   223.91,   485.20
  719.40,   219.84,   610.39
  726.18,   352.67,   363.29
  722.51,   349.57,   487.79
  718.09,   344.83,   613.10
  474.77,    99.32,   476.50
  472.91,   101.73,   602.50
  471.16,   103.51,   727.93
  478.26,   223.31,   473.54
  476.33,   225.61,   599.37
  474.39,   227.81,   725.16
  480.91,   347.34,   471.31
  479.72,   349.94,   596.57
  478.38,   352.78,   721.91
  599.75,    95.77,   477.44
  597.65,    98.58,   603.89
  595.22,   100.96,   729.64
  603.36,   220.58,   474.66
  601.06,   222.62,   600.53
  598.59,   224.44,   726.53
  605.89,   345.39,   472.09
  604.16,   347.37,   597.32
  602.45,   349.28,   722.75
  724.73,    92.21,   478.54
  722.92,    95.40,   604.09
  720.79,    98.44,   729.80
  728.26,   217.80,   475.97
  726.03,   219.92,   601.12
  723.32,   221.68,   726.78
  730.49,   343.56,   472.46
  727.99,   345.06,   597.75
  725.33,   345.88,   723.34
  474.54,   101.84,   602.28
  473.89,   100.67,   727.75
  472.79,   100.44,   851.63
  475.27,   225.78,   602.15
  474.41,   224.98,   727.98
  473.66,   225.45,   853.02
  475.99,   350.19,   602.34
  475.73,   350.01,   727.71
  475.65,   350.64,   852.34
  599.36,   101.32,   602.47
  598.00,   100.73,   728.28
  596.57,   100.20,   852.38
  600.04,   225.42,   602.12
  598.67,   224.25,   728.18
  597.75,   224.55,   853.32
  600.48,   350.22,   601.95
  599.89,   349.16,   727.40
  600.44,   349.22,   852.72
  724.74,   100.77,   601.53
  723.66,   100.82,   727.24
  722.69,   100.21,   851.89
  725.02,   225.39,   601.52
  723.43,   224.12,   727.23
  722.31,   223.84,   852.52
  724.32,   350.55,   601.20
  722.78,   348.37,   726.83
  722.86,   347.62,   852.44
  474.21,   225.40,   101.41
  471.63,   229.09,   225.98
  469.32,   233.24,   350.51
  474.48,   351.44,    96.72
  470.96,   355.07,   222.71
  468.44,   358.00,   347.78
  474.47,   477.21,    92.52
  470.54,   480.66,   219.03
  467.86,   483.57,   344.33
  599.65,   225.22,   104.17
  597.40,   228.98,   229.35
  594.62,   233.43,   353.52
  599.90,   351.17,    99.97
  596.32,   354.89,   226.30
  593.76,   358.63,   350.71
  599.91,   476.99,    96.17
  595.51,   480.66,   223.02
  593.10,   484.04,   347.64
  724.58,   225.23,   106.64
  722.57,   229.56,   232.21
  719.80,   234.03,   356.49
  724.59,   350.68,   103.20
  721.26,   354.36,   229.10
  718.98,   359.30,   352.63
  724.43,   476.38,    99.35
  720.02,   479.83,   226.52
  718.36,   484.05,   349.85
  475.37,   223.93,   226.08
  478.95,   221.41,   350.52
  481.81,   218.70,   475.85
  471.26,   349.86,   229.62
  474.70,   346.08,   354.63
  478.18,   342.65,   479.45
  467.35,   475.39,   232.86
  470.67,   471.49,   358.13
  474.43,   467.95,   482.97
  601.07,   227.26,   223.68
  604.19,   224.99,   347.85
  606.88,   222.30,   472.77
  596.55,   353.14,   227.42
  599.95,   350.16,   351.76
  603.08,   347.03,   476.07
  592.29,   478.88,   231.03
  595.86,   475.49,   355.53
  599.70,   472.16,   479.52
  726.07,   231.18,   220.75
  729.30,   228.96,   345.12
  731.72,   225.96,   469.86
  721.40,   356.01,   224.49
  725.03,   354.19,   347.95
  727.65,   351.62,   472.20
  716.79,   481.51,   228.71
  721.01,   478.98,   351.93
  724.69,   476.20,   475.24
  476.51,   224.18,   351.00
  472.82,   225.48,   476.36
  468.57,   226.09,   602.14
  474.18,   348.95,   350.92
  471.12,   349.54,   475.78
  467.57,   350.48,   601.01
  472.07,   474.49,   350.19
  469.25,   475.00,   475.06
  466.14,   476.08,   600.02
  601.77,   225.82,   354.74
  597.87,   227.12,   479.76
  593.23,   227.42,   605.61
  599.48,   351.03,   354.47
  596.05,   351.90,   478.85
  592.07,   352.20,   604.10
  597.33,   476.44,   354.07
  594.61,   477.17,   478.12
  591.20,   477.74,   603.12
  726.89,   227.80,   358.46
  722.69,   228.82,   483.26
  718.07,   229.07,   608.44
  724.62,   353.16,   357.03
  720.61,   354.50,   481.46
  715.79,   354.19,   606.80
  722.57,   477.96,   356.78
  719.67,   479.19,   480.32
  715.12,   479.47,   606.12
  476.58,   226.52,   476.82
  477.42,   223.39,   602.64
  478.20,   220.14,   728.47
  477.72,   350.58,   480.00
  479.29,   347.75,   605.26
  480.67,   345.09,   730.60
  478.75,   476.04,   483.07
  480.80,   473.32,   608.03
  482.95,   470.77,   733.06
  601.70,   225.36,   475.04
  602.20,   221.95,   600.90
  602.46,   218.33,   726.93
  602.69,   350.15,   477.90
  603.73,   346.67,   603.14
  604.73,   343.11,   728.58
  604.13,   475.37,   480.90
  605.71,   472.14,   605.93
  607.20,   468.66,   730.83
  726.62,   224.19,   473.44
  727.22,   220.81,   598.59
  727.35,   217.18,   724.23
  727.32,   349.91,   475.37
  727.58,   345.91,   600.68
  727.69,   341.27,   726.27
  729.12,   474.58,   477.90
  729.50,   471.07,   603.74
  729.51,   466.92,   729.18
  476.24,   225.28,   602.38
  473.92,   224.49,   728.20
  471.72,   224.97,   853.22
  479.06,   349.66,   602.59
  477.34,   349.49,   727.96
  475.80,   350.14,   852.58
  481.51,   475.26,   602.95
  480.49,   475.17,   728.03
  479.45,   474.97,   852.17
  600.97,   222.82,   603.84
  598.13,   221.67,   729.90
  595.72,   222.01,   854.98
  603.49,   347.59,   603.65
  601.42,   346.52,   729.12
  600.53,   346.63,   854.44
  606.42,   473.09,   604.03
  604.82,   472.08,   728.97
  604.33,   471.50,   853.82
  725.94,   220.67,   604.70
  722.88,   219.45,   730.43
  720.29,   219.23,   855.65
  727.28,   345.78,   604.37
  724.29,   343.61,   730.02
  723.00,   342.96,   855.58
  730.17,   470.99,   605.02
  727.13,   469.34,   730.48
  726.14,   468.45,   855.84
  474.18,   351.30,    99.46
  470.20,   351.35,   225.45
  467.22,   350.77,   350.51
  475.67,   477.14,    98.89
  471.26,   476.99,   225.42
  468.13,   476.31,   350.71
  477.71,   601.59,    98.74
  473.43,   601.70,   223.96
  469.85,   602.52,   349.76
  599.58,   349.42,   103.23
  595.56,   349.56,   229.52
  592.52,   349.79,   353.92
  601.05,   475.32,   102.96
  596.22,   475.40,   229.95
  593.38,   475.23,   354.45
  602.32,   600.17,   102.73
  597.72,   600.06,   227.97
  595.10,   600.63,   353.83
  724.24,   347.29,   106.98
  720.53,   347.50,   232.78
  717.74,   348.90,   356.37
  725.52,   473.02,   106.52
  720.78,   472.98,   233.88
  718.64,   473.78,   357.01
  725.84,   598.51,   107.37
  721.77,   598.16,   232.76
  720.78,   597.75,   357.30
  474.29,   349.64,   226.18
  471.12,   349.41,   351.23
  468.07,   349.47,   476.10
  474.33,   475.30,   225.81
  471.02,   474.96,   351.09
  468.21,   474.95,   475.97
  475.48,   600.03,   223.98
  471.73,   601.16,   349.78
  468.34,   601.67,   475.30
  599.65,   348.86,   230.43
  596.44,   349.46,   354.79
  593.01,   349.80,   479.19
  599.29,   474.71,   230.52
  596.29,   474.90,   354.97
  593.56,   475.09,   479.04
  599.78,   599.39,   228.18
  597.00,   600.28,   354.01
  594.43,   600.82,   479.25
  724.60,   347.82,   233.83
  721.62,   349.59,   357.39
  717.60,   350.38,   481.85
  723.84,   473.29,   234.59
  721.55,   474.44,   357.68
  718.59,   475.14,   481.24
  723.84,   598.49,   233.13
  722.70,   598.40,   357.64
  720.97,   598.99,   482.31
  476.58,   348.12,   349.03
  478.93,   347.75,   473.90
  480.79,   347.67,   599.17
  475.39,   473.67,   349.35
  478.01,   473.21,   474.25
  480.35,   473.27,   599.21
  475.03,   599.84,   348.49
  477.09,   599.90,   474.07
  479.13,   598.85,   599.09
  601.93,   349.23,   347.21
  603.92,   349.22,   471.56
  605.26,   348.53,   596.79
  600.66,   474.66,   347.87
  603.39,   474.46,   471.84
  605.32,   474.04,   596.86
  600.30,   599.98,   347.26
  603.25,   600.06,   472.55
  605.39,   599.34,   597.35
  727.10,   350.28,   344.45
  728.58,   350.86,   468.75
  729.13,   349.70,   594.07
  725.85,   475.17,   345.33
  728.45,   475.54,   468.57
  729.26,   474.88,   594.37
  725.85,   599.19,   345.57
  729.74,   599.20,   470.13
  731.48,   599.81,   595.58
  475.92,   350.10,   475.00
  475.06,   351.35,   600.28
  474.05,   352.82,   725.63
  474.13,   475.58,   474.01
  473.71,   476.95,   598.99
  473.37,   478.53,   724.08
  472.33,   602.28,   472.48
  471.58,   602.54,   597.53
  470.90,   602.01,   722.28
  600.91,   352.43,   475.38
  599.56,   353.04,   600.64
  598.24,   353.63,   726.06
  599.53,   477.68,   474.37
  598.77,   478.56,   599.39
  597.91,   479.21,   724.34
  598.49,   603.34,   473.74
  597.85,   603.86,   598.54
  596.57,   603.79,   722.97
  725.54,   354.95,   475.28
  723.36,   355.02,   600.65
  721.07,   354.46,   726.26
  724.64,   479.60,   473.85
  722.76,   480.24,   599.69
  720.46,   480.35,   725.15
  725.09,   603.32,   474.13
  724.10,   605.24,   599.55
  721.42,   607.32,   724.66
  476.06,   348.95,   602.39
  478.23,   351.16,   727.71
  480.64,   354.16,   852.30
  473.83,   474.52,   600.39
  476.68,   476.85,   725.44
  479.57,   478.96,   849.57
  470.78,   600.08,   598.22
  473.31,   600.34,   722.93
  476.31,   601.82,   847.17
  600.53,   351.51,   599.53
  602.34,   352.83,   724.91
  605.30,   355.19,   850.18
  598.83,   477.00,   597.57
  601.11,   478.41,   722.49
  604.34,   480.13,   847.18
  597.00,   602.30,   596.01
  598.93,   603.03,   720.44
  601.22,   604.71,   844.54
  724.35,   354.41,   596.32
  725.17,   354.60,   721.87
  727.51,   356.09,   847.48
  722.85,   479.59,   594.62
  723.66,   480.47,   720.11
  726.07,   481.86,   845.40
  723.25,   604.49,   593.79
  723.82,   607.37,   718.93
  724.75,   609.52,   843.56
  474.75,   475.17,    99.10
  472.47,   475.45,   225.68
  471.47,   475.22,   351.02
  473.49,   599.63,    98.46
  471.35,   600.17,   223.73
  469.89,   601.40,   349.56
  472.16,   723.16,    98.64
  470.80,   724.09,   221.96
  468.52,   727.24,   347.53
  600.20,   476.64,   101.02
  597.47,   477.16,   228.04
  596.75,   477.45,   352.61
  598.24,   601.51,   100.29
  595.70,   601.81,   225.51
  595.17,   602.82,   351.45
  597.21,   725.60,    99.19
  595.04,   726.19,   223.38
  594.36,   728.23,   349.98
  724.73,   477.69,   102.52
  722.01,   478.04,   229.84
  722.01,   479.22,   353.10
  721.89,   603.12,   102.87
  719.73,   603.25,   228.12
  720.87,   603.20,   352.84
  720.38,   727.53,   101.12
  718.75,   727.98,   226.00
  720.69,   727.15,   352.37
  473.42,   475.32,   223.71
  470.85,   472.81,   349.02
  468.80,   470.60,   473.90
  472.29,   600.01,   224.00
  469.27,   598.96,   349.82
  466.64,   597.27,   475.34
  471.72,   723.97,   224.45
  467.89,   724.85,   350.05
  464.78,   723.95,   476.58
  598.39,   476.97,   227.67
  596.11,   474.99,   352.20
  594.14,   473.03,   476.24
  596.62,   601.61,   227.40
  594.54,   600.37,   353.30
  592.70,   598.73,   478.55
  595.95,   726.02,   227.52
  593.73,   725.80,   354.10
  591.66,   724.45,   480.75
  722.90,   477.79,   231.05
  721.36,   476.74,   354.24
  719.20,   475.32,   477.71
  720.66,   602.97,   231.59
  720.25,   600.72,   356.24
  719.25,   599.16,   480.91
  719.74,   727.66,   231.73
  720.15,   724.62,   358.09
  719.72,   722.91,   484.44
  475.45,   476.34,   348.95
  473.22,   476.55,   473.83
  470.71,   477.29,   598.79
  478.50,   602.48,   347.46
  475.71,   603.25,   473.02
  472.86,   602.85,   598.03
  481.76,   728.24,   345.40
  478.53,   729.85,   472.01
  475.22,   728.20,   598.06
  600.71,   473.91,   352.27
  598.58,   474.36,   476.30
  595.71,   474.61,   601.32
  603.76,   599.19,   351.13
  601.84,   599.97,   476.36
  599.07,   599.89,   601.12
  607.68,   724.44,   349.74
  605.66,   725.47,   476.38
  602.45,   724.99,   601.72
  725.92,   471.12,   354.39
  723.55,   472.09,   477.88
  719.53,   472.01,   603.71
  729.36,   595.01,   354.17
  728.26,   595.80,   478.75
  725.01,   597.07,   604.21
  733.81,   718.64,   353.75
  733.49,   719.21,   480.09
  730.71,   722.02,   604.97
  477.17,   475.01,   477.10
  480.35,   475.27,   602.05
  483.62,   475.68,   727.10
  473.80,   601.67,   476.77
  476.67,   600.77,   601.79
  479.63,   599.16,   726.48
  470.75,   728.30,   476.23
  473.12,   726.04,   602.27
  475.25,   721.97,   726.24
  602.51,   478.67,   473.87
  605.28,   478.45,   598.87
  607.88,   477.93,   723.79
  599.92,   604.28,   474.46
  602.89,   603.70,   599.23
  605.16,   602.64,   723.66
  597.76,   729.92,   474.83
  600.35,   728.81,   600.31
  602.08,   727.20,   723.69
  727.57,   482.11,   469.79
  729.25,   481.69,   595.58
  730.36,   480.69,   721.10
  726.48,   605.76,   471.30
  729.12,   606.61,   596.68
  729.94,   607.74,   721.85
  725.67,   729.37,   472.97
  728.80,   731.45,   597.96
  729.09,   734.54,   721.82
  476.43,   473.77,   602.58
  473.73,   471.73,   727.62
  470.95,   469.59,   851.71
  475.96,   599.25,   604.76
  473.01,   595.25,   729.46
  470.53,   592.62,   853.69
  475.59,   724.39,   607.71
  471.75,   717.83,   731.55
  468.46,   716.14,   854.79
  601.38,   473.64,   605.33
  598.18,   470.66,   730.21
  596.07,   468.12,   855.00
  602.15,   598.88,   608.08
  598.52,   595.27,   732.46
  595.58,   592.65,   856.57
  602.84,   723.91,   611.57
  598.45,   719.71,   734.79
  593.63,   718.19,   858.83
  725.15,   473.58,   608.01
  720.52,   469.93,   733.35
  718.05,   467.04,   858.66
  728.07,   598.73,   611.48
  722.93,   596.99,   736.49
  718.99,   594.27,   860.97
  731.10,   723.88,   615.07
  725.03,   724.08,   738.98
  717.91,   721.77,   863.87
  474.37,   602.12,    97.40
  475.20,   605.62,   222.52
  476.67,   609.99,   348.32
  474.64,   725.71,    94.72
  476.35,   729.44,   217.81
  476.99,   735.63,   343.28
  474.36,   850.83,    91.79
  476.84,   854.00,   214.19
  477.60,   859.16,   339.10
  599.20,   602.30,    96.33
  599.50,   605.53,   221.36
  601.97,   609.53,   347.28
  599.79,   726.48,    92.44
  600.54,   729.84,   216.31
  602.92,   734.77,   342.84
  599.95,   851.49,    89.74
  601.28,   854.54,   213.99
  603.39,   858.62,   338.64
  723.02,   602.09,    96.05
  723.44,   605.32,   221.09
  727.57,   608.11,   345.78
  723.21,   726.42,    91.30
  724.03,   730.05,   216.02
  728.94,   731.99,   342.23
  723.21,   851.23,    85.94
  724.27,   854.90,   213.39
  728.11,   857.00,   338.74
  475.77,   601.37,   223.05
  472.18,   599.51,   348.86
  468.97,   596.97,   474.36
  478.25,   725.34,   224.40
  473.86,   725.38,   350.02
  470.20,   723.64,   476.56
  480.14,   849.86,   226.81
  475.77,   849.25,   351.91
  471.80,   847.62,   479.35
  600.06,   599.88,   227.05
  597.43,   597.77,   352.89
  595.03,   595.29,   478.06
  602.42,   724.31,   228.08
  599.76,   723.13,   354.67
  597.16,   720.92,   481.25
  604.58,   849.00,   231.78
  601.86,   847.21,   356.52
  598.86,   844.97,   483.40
  724.10,   598.14,   231.82
  723.09,   595.07,   356.31
  721.47,   592.70,   480.84
  726.19,   722.81,   232.87
  726.09,   718.80,   359.11
  725.12,   716.30,   485.37
  727.76,   847.62,   236.61
  727.24,   843.49,   361.54
  726.15,   840.68,   487.02
  473.36,   601.15,   351.23
  476.30,   601.20,   476.80
  479.23,   600.12,   601.80
  476.70,   726.98,   349.73
  479.21,   727.82,   476.38
  481.65,   725.37,   602.38
  480.31,   850.77,   348.95
  482.51,   851.62,   476.45
  485.73,   850.84,   604.13
  598.57,   597.77,   349.14
  602.41,   597.83,   474.38
  605.43,   597.12,   599.16
  602.56,   723.06,   348.23
  606.34,   723.34,   474.94
  609.02,   722.19,   600.30
  606.32,   847.14,   347.52
  609.68,   847.29,   474.21
  612.21,   847.25,   601.25
  724.03,   593.53,   346.54
  728.75,   593.56,   470.99
  731.33,   594.11,   596.46
  728.56,   717.29,   346.47
  734.06,   716.91,   472.86
  737.27,   718.94,   597.84
  731.32,   842.01,   346.53
  736.68,   841.24,   471.76
  739.92,   843.88,   597.21
  473.27,   602.41,   477.39
  470.00,   599.74,   602.38
  466.87,   596.49,   727.12
  475.99,   729.01,   478.71
  472.22,   724.92,   604.63
  468.22,   719.08,   728.56
  479.10,   852.78,   480.60
  476.22,   850.43,   608.15
  473.62,   847.73,   733.17
  599.38,   599.18,   481.10
  596.14,   596.80,   605.82
  592.41,   593.88,   730.23
  603.08,   724.70,   483.43
  599.37,   721.83,   608.62
  594.86,   718.25,   731.89
  606.21,   848.64,   484.57
  602.46,   847.02,   611.51
  598.34,   845.34,   735.55
  725.80,   595.08,   483.88
  721.98,   594.07,   609.29
  716.79,   592.92,   734.30
  730.99,   718.57,   487.51
  727.57,   719.14,   612.26
  721.46,   719.94,   736.18
  733.38,   842.95,   488.13
  730.09,   844.22,   613.48
  724.23,   845.42,   736.99
  473.23,   601.42,   601.38
  474.51,   599.93,   726.11
  476.26,   599.77,   850.38
  472.38,   726.74,   601.69
  472.82,   722.76,   725.71
  473.68,   723.36,   848.88
  473.25,   852.24,   603.17
  475.21,   851.58,   728.51
  475.58,   853.23,   850.69
  599.50,   601.66,   600.47
  600.13,   600.66,   724.93
  601.24,   600.63,   849.07
  599.64,   726.80,   601.37
  599.66,   725.22,   724.77
  599.04,   726.16,   848.75
  599.54,   851.92,   602.18
  600.00,   852.26,   726.56
  598.86,   853.61,   850.60
  725.66,   601.94,   599.57
  724.87,   603.00,   724.73
  724.72,   603.22,   849.37
  728.08,   726.85,   600.67
  726.65,   729.90,   724.58
  723.51,   730.82,   849.52
  727.10,   851.84,   599.71
  726.18,   855.09,   723.36
  721.45,   855.05,   849.66
  601.74,    99.70,    99.79
  601.52,   102.55,   224.62
  600.13,   106.03,   348.98
  605.14,   224.06,    96.70
  604.85,   227.03,   221.99
  603.82,   230.79,   346.21
  608.61,   349.88,    93.23
  606.79,   352.89,   219.64
  606.00,   356.03,   344.09
  727.35,    96.64,    99.73
  726.44,   100.17,   226.19
  725.16,   102.86,   351.16
  730.11,   220.94,    97.37
  729.92,   224.52,   223.14
  728.99,   228.27,   347.54
  733.26,   346.37,    94.77
  731.66,   349.19,   220.67
  731.15,   353.49,   344.25
  852.72,    92.87,    99.55
  851.56,    96.23,   227.51
  850.29,    99.05,   352.84
  855.04,   217.20,    97.97
  853.76,   221.20,   225.23
  853.27,   224.73,   349.30
  857.29,   342.84,    96.07
  855.90,   345.96,   221.01
  855.09,   350.67,   344.42
  600.04,   100.91,   227.11
  599.77,    98.28,   351.47
  599.68,    95.46,   476.68
  600.40,   225.43,   230.53
  600.60,   223.10,   354.72
  600.37,   220.29,   479.76
  599.32,   351.30,   234.30
  599.84,   348.29,   358.59
  600.04,   345.04,   483.01
  725.07,   101.48,   227.42
  724.88,    98.06,   352.34
  724.76,    94.76,   476.41
  725.56,   225.91,   230.43
  725.80,   223.53,   354.85
  725.31,   220.38,   479.64
  724.31,   350.73,   234.03
  725.03,   348.89,   357.53
  724.65,   346.09,   482.01
  850.18,   100.58,   227.54
  850.13,    97.26,   352.75
  849.76,    94.51,   476.22
  849.46,   225.61,   231.13
  850.18,   223.04,   355.25
  850.35,   220.42,   479.14
  848.54,   350.44,   232.98
  849.02,   349.08,   356.39
  848.75,   346.36,   480.91
  602.35,   100.71,   350.76
  598.90,   103.09,   475.90
  594.67,   105.15,   602.33
  606.75,   225.49,   348.96
  603.11,   227.86,   473.91
  598.75,   229.20,   599.70
  609.57,   350.71,   347.78
  606.37,   352.68,   472.09
  602.59,   353.98,   597.29
  727.30,    96.91,   355.07
  723.85,    98.82,   479.16
  719.89,   101.27,   604.73
  731.84,   222.38,   352.55
  727.92,   224.44,   477.27
  723.59,   225.81,   602.40
  734.64,   347.66,   350.09
  730.89,   350.17,   474.49
  726.30,   350.94,   599.81
  852.40,    92.56,   358.83
  848.67,    95.05,   482.37
  845.02,    98.10,   606.70
  856.12,   218.21,   356.51
  852.88,   220.89,   480.24
  848.88,   223.13,   605.05
  858.52,   344.29,   352.55
  854.86,   346.80,   476.91
  850.34,   347.32,   602.95
  602.58,    99.47,   472.78
  604.65,   102.33,   599.15
  606.32,   104.79,   724.95
  603.36,   224.32,   469.91
  605.25,   226.47,   595.68
  606.90,   228.32,   721.63
  603.10,   349.15,   467.27
  605.55,   351.28,   592.42
  607.93,   353.23,   717.77
  727.65,    98.59,   469.77
  730.02,   101.78,   595.13
  732.07,   104.96,   720.74
  728.27,   224.30,   467.00
  730.22,   226.51,   592.05
  731.69,   228.32,   717.57
  727.77,   350.05,   463.38
  729.42,   351.75,   588.61
  730.84,   352.62,   714.12
  852.64,    98.14,   466.85
  855.21,   102.03,   591.01
  857.92,   106.18,   715.93
  853.22,   224.08,   463.74
  855.57,   227.15,   588.39
  857.56,   230.23,   714.04
  851.81,   350.16,   459.40
  853.54,   351.56,   585.33
  855.54,   353.13,   711.42
  599.23,   101.62,   601.24
  595.66,   100.07,   727.04
  592.05,    98.58,   851.09
  599.34,   225.71,   601.87
  595.76,   223.59,   727.92
  592.62,   222.94,   853.03
  599.23,   350.49,   602.67
  596.46,   348.49,   728.11
  594.80,   347.64,   853.40
  724.57,   101.59,   602.55
  721.25,   100.67,   728.25
  718.02,    99.04,   852.86
  724.27,   226.20,   603.49
  720.46,   223.94,   729.22
  717.14,   222.73,   854.48
  723.01,   351.32,   604.15
  719.31,   348.18,   729.77
  717.33,   346.56,   855.35
  849.82,   102.38,   603.57
  847.28,   102.26,   728.58
  845.35,   101.57,   853.84
  849.59,   227.40,   605.10
  846.30,   226.31,   730.71
  843.74,   225.15,   855.51
  847.05,   351.61,   606.24
  843.82,   349.24,   732.10
  842.35,   348.37,   856.64
  602.57,   222.71,   102.13
  606.71,   223.26,   227.37
  610.18,   224.56,   351.57
  604.36,   348.67,   101.13
  607.13,   349.12,   227.46
  610.91,   349.82,   351.78
  605.84,   474.57,   100.48
  607.75,   474.96,   227.53
  611.73,   475.20,   351.95
  727.43,   221.13,    98.22
  731.75,   222.23,   223.97
  735.30,   223.46,   348.41
  729.04,   346.61,    98.04
  731.98,   346.96,   223.89
  735.97,   348.78,   347.39
  730.39,   472.29,    97.41
  732.22,   472.44,   224.50
  736.82,   473.61,   347.72
  852.37,   218.85,    94.13
  855.52,   220.33,   221.53
  859.53,   221.25,   345.71
  853.10,   344.59,    94.77
  856.18,   345.18,   219.72
  859.85,   347.37,   343.16
  853.58,   470.27,    94.49
  856.42,   470.54,   219.26
  860.75,   472.21,   342.27
  601.03,   224.59,   225.63
  603.64,   226.09,   349.85
  605.83,   227.11,   474.84
  603.57,   350.46,   225.48
  606.45,   351.32,   349.86
  609.08,   351.96,   474.19
  606.31,   476.24,   225.27
  609.38,   476.67,   349.78
  612.77,   477.15,   473.69
  726.12,   221.46,   223.13
  728.77,   222.91,   347.59
  730.70,   223.64,   472.34
  728.44,   346.18,   222.83
  731.55,   348.17,   346.39
  733.64,   349.39,   470.72
  730.78,   471.61,   223.18
  734.47,   472.98,   346.47
  737.68,   474.03,   469.72
  849.92,   217.55,   221.51
  853.04,   218.69,   345.77
  855.68,   219.96,   469.49
  852.65,   342.26,   219.55
  855.45,   344.66,   343.02
  857.67,   345.98,   467.26
  854.96,   467.58,   218.84
  858.42,   469.48,   341.90
  860.95,   470.33,   465.89
  603.13,   224.68,   351.53
  603.70,   223.88,   476.56
  603.52,   222.05,   602.45
  605.59,   349.91,   353.39
  606.58,   348.70,   477.78
  606.93,   346.79,   603.05
  608.17,   475.26,   355.16
  609.90,   473.90,   479.14
  610.79,   472.26,   604.23
  728.29,   221.90,   350.85
  728.60,   220.77,   475.63
  728.53,   219.01,   600.81
  730.72,   347.21,   351.48
  731.15,   346.52,   475.92
  730.74,   344.11,   601.26
  733.33,   472.03,   353.32
  734.80,   471.21,   476.76
  734.49,   469.27,   602.69
  852.62,   218.10,   350.56
  853.63,   217.52,   474.35
  853.95,   216.73,   599.12
  854.66,   344.13,   349.65
  855.24,   343.51,   474.04
  855.00,   340.91,   600.10
  857.30,   468.94,   350.32
  858.13,   467.89,   474.56
  857.62,   465.28,   601.80
  599.30,   223.50,   473.22
  601.47,   225.82,   599.01
  603.45,   227.89,   724.95
  597.68,   348.26,   470.43
  600.44,   350.59,   595.58
  603.17,   352.80,   720.92
  596.40,   473.48,   467.80
  599.79,   476.08,   592.71
  602.98,   478.38,   717.61
  724.20,   224.85,   469.95
  726.42,   227.21,   595.02
  728.19,   229.20,   720.55
  722.35,   350.55,   466.23
  724.30,   352.42,   591.44
  726.04,   353.51,   716.93
  721.49,   475.22,   463.15
  723.84,   477.58,   588.77
  725.56,   479.35,   714.28
  849.12,   226.04,   466.35
  851.73,   229.22,   591.02
  854.01,   232.42,   716.63
  846.37,   352.09,   461.88
  848.35,   353.64,   587.79
  850.58,   355.34,   713.81
  845.17,   476.38,   458.39
  847.09,   478.19,   585.31
  848.91,   480.27,   711.75
  601.62,   224.14,   598.97
  598.31,   226.96,   724.93
  595.54,   231.23,   850.06
  603.85,   348.90,   594.78
  601.31,   351.83,   720.16
  599.91,   355.84,   845.37
  606.48,   474.36,   591.15
  604.37,   477.38,   716.10
  603.22,   480.72,   840.71
  726.57,   222.35,   600.41
  723.00,   225.07,   726.03
  719.91,   228.74,   851.29
  727.68,   347.50,   596.06
  724.18,   349.32,   721.60
  722.21,   352.48,   847.20
  730.37,   472.66,   592.63
  726.87,   475.10,   718.15
  724.99,   478.12,   843.41
  851.94,   221.29,   601.80
  848.85,   225.21,   727.37
  846.49,   229.01,   852.20
  851.82,   345.51,   597.92
  848.79,   348.10,   723.83
  847.38,   352.16,   848.45
  853.49,   469.98,   594.72
  850.21,   472.87,   720.96
  848.73,   476.96,   845.30
  601.48,   349.13,    99.88
  598.13,   348.40,   226.21
  595.79,   347.78,   350.62
  605.04,   474.97,   100.56
  600.86,   474.19,   227.58
  598.70,   473.18,   352.09
  608.35,   599.82,   101.31
  604.38,   598.81,   226.55
  602.50,   598.45,   352.39
  726.11,   344.94,   102.92
  723.07,   344.21,   228.74
  720.97,   344.76,   352.36
  729.48,   470.58,   103.43
  725.38,   469.63,   230.73
  723.90,   469.62,   353.90
  731.85,   596.03,   105.23
  728.38,   594.83,   230.68
  728.09,   593.52,   355.10
  850.18,   340.74,   105.71
  847.29,   340.34,   230.57
  844.95,   341.35,   354.02
  852.62,   466.33,   106.34
  849.60,   465.61,   231.53
  847.98,   466.13,   354.45
  855.71,   591.80,   108.15
  853.04,   590.97,   232.95
  852.54,   588.93,   356.09
  600.39,   351.27,   227.14
  599.67,   348.82,   351.52
  598.71,   346.16,   475.90
  599.00,   477.07,   230.23
  598.48,   474.22,   354.72
  598.22,   471.38,   478.75
  598.49,   601.72,   230.89
  598.18,   599.57,   356.80
  598.09,   597.01,   482.01
  725.34,   351.16,   228.14
  724.87,   349.89,   351.68
  723.35,   347.74,   476.10
  723.57,   476.66,   231.86
  723.74,   474.74,   355.00
  723.25,   472.45,   478.47
  722.59,   601.83,   233.36
  723.91,   598.68,   357.95
  724.60,   596.23,   482.56
  849.57,   351.38,   228.30
  848.85,   350.59,   351.73
  847.41,   348.54,   476.18
  847.85,   476.72,   231.15
  847.92,   475.28,   354.02
  846.84,   472.88,   478.25
  847.26,   602.12,   234.40
  848.54,   598.00,   357.54
  848.80,   595.32,   482.38
  602.05,   349.45,   351.75
  602.43,   346.26,   476.11
  602.15,   342.41,   601.35
  604.44,   474.79,   355.48
  605.53,   471.44,   479.46
  605.79,   467.84,   604.50
  607.74,   600.01,   358.15
  609.09,   596.90,   483.31
  609.50,   593.04,   608.04
  727.22,   346.96,   350.46
  727.04,   344.29,   474.88
  726.02,   339.93,   600.17
  729.64,   471.78,   354.26
  730.45,   468.99,   477.69
  729.50,   465.06,   603.54
  733.38,   595.58,   357.78
  735.42,   592.58,   482.28
  735.19,   590.09,   607.81
  851.19,   344.08,   349.18
  851.14,   341.52,   473.58
  850.28,   336.98,   599.54
  853.67,   468.86,   351.85
  853.85,   465.90,   476.07
  852.65,   461.35,   603.21
  857.72,   591.58,   355.72
  859.08,   588.31,   480.54
  858.75,   586.25,   607.75
  601.72,   349.25,   475.40
  602.38,   346.18,   600.64
  602.99,   343.03,   726.10
  598.41,   474.41,   478.09
  599.66,   471.61,   603.10
  600.81,   468.58,   728.03
  595.42,   600.03,   481.17
  596.81,   596.83,   605.91
  597.64,   593.18,   730.35
  726.32,   353.72,   473.34
  726.20,   350.14,   598.67
  725.91,   345.90,   724.26
  723.46,   478.31,   475.62
  723.55,   475.26,   601.41
  723.21,   471.59,   726.84
  721.99,   602.05,   479.62
  722.87,   600.26,   604.97
  722.17,   598.52,   730.05
  850.28,   357.40,   471.15
  850.23,   353.51,   597.28
  850.55,   350.05,   723.27
  847.07,   481.55,   473.16
  846.79,   478.01,   600.30
  846.57,   474.86,   726.44
  846.34,   603.82,   477.25
  847.09,   603.03,   604.13
  845.98,   602.76,   730.61
  598.69,   350.00,   598.87
  597.66,   348.52,   724.33
  597.72,   348.14,   849.65
  601.85,   475.50,   599.68
  601.29,   474.07,   724.64
  601.75,   473.03,   849.42
  605.02,   600.77,   600.90
  604.03,   598.77,   725.37
  603.59,   597.66,   849.52
  722.52,   347.99,   598.55
  720.56,   345.38,   724.17
  720.13,   344.17,   849.82
  725.72,   473.18,   599.60
  723.70,   471.12,   725.08
  723.53,   469.70,   850.44
  731.00,   598.18,   601.53
  728.58,   598.15,   726.73
  726.98,   597.21,   851.37
  846.65,   345.46,   598.77
  845.16,   343.58,   724.71
  845.29,   343.23,   849.45
  848.87,   469.96,   600.09
  847.03,   468.36,   726.25
  847.26,   467.96,   850.53
  854.77,   594.86,   602.25
  852.16,   596.04,   728.84
  850.24,   595.43,   853.26
  601.27,   474.49,    98.81
  600.75,   477.79,   225.79
  602.26,   480.86,   350.33
  600.13,   599.40,    95.42
  599.69,   602.38,   220.51
  601.43,   606.11,   346.39
  599.75,   723.59,    91.79
  599.78,   726.67,   215.63
  601.42,   731.38,   342.18
  725.86,   474.79,    98.12
  725.27,   477.85,   225.28
  727.47,   481.78,   348.59
  723.95,   600.12,    95.81
  723.64,   603.11,   220.90
  727.04,   605.69,   345.57
  723.18,   724.47,    91.35
  723.29,   727.85,   216.04
  727.47,   729.59,   342.25
  849.07,   475.22,    97.49
  849.50,   478.41,   222.51
  851.64,   482.77,   345.49
  847.84,   600.37,    95.19
  848.24,   604.01,   219.98
  851.61,   605.57,   343.18
  847.80,   724.53,    90.89
  846.81,   729.46,   217.42
  851.21,   728.43,   341.34
  600.68,   476.34,   227.46
  598.68,   479.14,   351.95
  597.02,   481.97,   475.98
  600.13,   600.96,   222.44
  598.36,   604.45,   348.28
  596.88,   607.64,   473.60
  600.72,   725.28,   217.78
  598.84,   729.75,   344.30
  597.20,   733.26,   470.98
  725.21,   475.99,   230.48
  723.93,   479.69,   353.67
  722.14,   483.00,   477.13
  724.13,   601.21,   226.37
  724.03,   603.61,   350.95
  723.53,   606.71,   475.68
  724.31,   725.95,   221.75
  725.04,   727.50,   347.96
  725.18,   730.30,   474.39
  849.46,   476.16,   231.17
  848.13,   480.28,   354.06
  845.75,   483.43,   478.30
  848.80,   601.59,   228.82
  848.69,   602.99,   352.04
  847.84,   605.71,   476.88
  847.90,   726.94,   226.53
  848.99,   725.63,   350.46
  850.13,   727.73,   476.00
  601.14,   474.84,   351.54
  599.42,   476.66,   475.55
  596.98,   478.28,   600.56
  601.42,   600.14,   348.93
  599.91,   602.31,   474.20
  597.57,   603.59,   598.97
  602.53,   725.45,   346.01
  600.89,   727.91,   472.68
  598.13,   728.75,   598.15
  726.38,   474.79,   353.26
  724.48,   477.12,   476.73
  720.92,   478.46,   602.56
  727.07,   598.72,   351.61
  726.46,   600.83,   476.24
  723.74,   603.50,   601.67
  728.71,   722.53,   349.67
  728.82,   724.36,   476.07
  726.54,   728.39,   601.01
  850.51,   474.80,   353.71
  848.02,   476.95,   477.97
  844.09,   477.78,   605.16
  851.65,   597.56,   352.62
  850.62,   599.32,   477.47
  847.84,   602.85,   604.48
  852.64,   720.12,   352.11
  853.60,   721.31,   477.63
  852.15,   728.61,   603.34
  599.55,   477.04,   475.92
  596.42,   479.32,   600.91
  593.25,   481.38,   725.79
  602.16,   602.64,   473.98
  599.11,   604.59,   598.72
  595.43,   605.88,   723.08
  605.31,   728.14,   471.90
  601.84,   729.72,   597.33
  597.50,   730.49,   720.69
  724.55,   475.45,   477.82
  720.29,   477.42,   603.65
  715.73,   478.90,   729.00
  728.63,   599.12,   476.71
  725.20,   602.44,   602.14
  720.18,   605.85,   727.18
  733.13,   722.51,   475.98
  730.18,   727.29,   600.89
  724.41,   732.67,   724.71
  848.02,   473.25,   479.82
  843.39,   474.68,   606.98
  838.79,   476.64,   732.97
  852.61,   595.63,   478.64
  849.13,   599.72,   605.70
  843.82,   604.63,   732.14
  857.67,   717.55,   478.17
  855.55,   725.47,   603.97
  849.83,   734.72,   729.64
  601.41,   473.09,   601.68
  601.52,   471.61,   726.64
  602.66,   470.51,   851.46
  598.18,   598.33,   602.93
  597.94,   596.21,   727.40
  598.25,   595.07,   851.56
  594.76,   723.38,   604.90
  593.88,   720.52,   728.27
  592.49,   720.37,   852.27
  725.31,   477.11,   601.02
  723.95,   475.03,   726.48
  724.44,   473.57,   851.83
  724.29,   602.10,   603.00
  722.56,   601.98,   728.12
  721.63,   600.99,   852.72
  723.16,   727.03,   605.18
  720.76,   728.71,   729.05
  716.86,   728.37,   853.98
  848.53,   480.20,   600.95
  847.30,   478.67,   727.13
  848.13,   478.23,   851.38
  848.50,   605.24,   603.18
  846.40,   606.67,   729.71
  844.86,   605.86,   854.22
  848.96,   731.08,   604.91
  846.40,   736.79,   730.55
  841.86,   734.13,   855.88
  599.18,   602.20,    99.18
  597.37,   605.49,   224.27
  597.64,   609.54,   350.19
  596.37,   726.27,    95.19
  594.97,   729.74,   219.16
  595.04,   734.82,   345.66
  593.16,   851.24,    92.49
  592.28,   854.33,   216.68
  592.07,   858.58,   341.32
  722.81,   605.57,   100.94
  721.33,   608.75,   226.02
  723.32,   611.59,   350.77
  719.67,   729.86,    96.10
  718.56,   733.41,   220.91
  721.25,   735.56,   347.25
  716.41,   854.71,    90.79
  715.36,   858.24,   218.46
  716.93,   860.52,   343.47
  846.67,   608.49,   101.80
  845.91,   612.20,   226.64
  847.96,   613.83,   349.89
  843.99,   732.82,    97.30
  841.96,   737.42,   223.66
  845.11,   736.59,   347.78
  840.65,   857.98,    89.85
  837.43,   862.19,   219.97
  840.77,   862.51,   344.75
  599.11,   599.59,   225.86
  602.94,   601.71,   351.72
  607.12,   603.49,   476.97
  603.14,   723.94,   222.47
  606.99,   726.94,   349.12
  611.14,   728.90,   475.84
  606.98,   848.64,   221.86
  610.67,   850.94,   346.68
  614.36,   852.72,   473.23
  723.05,   596.25,   224.29
  728.43,   597.33,   348.83
  733.50,   599.04,   473.36
  726.64,   720.99,   220.93
  732.95,   721.02,   347.09
  738.83,   722.30,   473.48
  729.96,   845.77,   219.96
  735.52,   845.82,   345.41
  741.18,   846.73,   470.43
  847.55,   593.08,   221.22
  852.84,   593.36,   344.31
  857.25,   594.67,   468.84
  850.22,   718.54,   220.19
  856.55,   716.03,   343.94
  862.95,   716.47,   469.21
  851.81,   843.62,   218.84
  858.97,   841.27,   343.30
  866.24,   841.26,   467.38
  598.37,   600.43,   350.43
  598.37,   601.81,   475.73
  597.54,   602.31,   600.51
  597.55,   725.80,   348.23
  597.38,   727.47,   474.95
  596.14,   727.45,   600.42
  596.50,   849.86,   346.19
  595.84,   851.41,   472.95
  594.55,   852.56,   600.24
  724.04,   600.86,   351.58
  724.95,   602.20,   476.28
  723.74,   604.10,   601.70
  723.81,   724.76,   350.37
  725.37,   725.82,   476.83
  724.59,   729.01,   601.78
  721.63,   849.66,   348.98
  722.84,   850.37,   474.15
  722.03,   853.95,   599.83
  848.69,   601.49,   351.19
  849.22,   602.46,   476.00
  847.94,   605.30,   602.98
  847.79,   724.09,   351.37
  850.31,   724.50,   476.93
  850.34,   731.04,   602.59
  845.46,   849.56,   350.84
  848.36,   849.70,   475.05
  847.89,   856.56,   599.63
  602.74,   602.20,   474.59
  601.75,   598.00,   599.32
  600.16,   593.30,   723.75
  600.77,   727.75,   478.60
  599.33,   723.01,   603.90
  597.08,   717.59,   727.21
  598.14,   851.66,   481.45
  596.69,   848.11,   608.55
  594.89,   844.47,   732.64
  729.31,   603.53,   475.37
  727.84,   600.76,   600.73
  724.73,   597.98,   725.82
  728.76,   727.08,   480.69
  727.71,   725.70,   605.51
  723.90,   724.81,   729.39
  725.15,   851.67,   482.73
  724.21,   850.73,   608.36
  720.86,   850.00,   731.95
  853.43,   604.76,   475.33
  851.90,   602.89,   602.26
  848.48,   601.53,   728.73
  853.60,   726.84,   481.00
  853.31,   728.86,   606.62
  849.40,   731.76,   732.34
  850.66,   852.19,   483.76
  849.98,   854.70,   608.40
  847.21,   857.89,   733.16
  602.57,   601.87,   598.64
  602.16,   600.89,   723.11
  602.24,   600.81,   847.25
  602.08,   727.00,   599.56
  601.07,   725.47,   722.97
  599.42,   726.30,   846.92
  601.27,   852.09,   600.31
  600.70,   852.44,   724.74
  598.60,   853.76,   848.77
  728.74,   602.79,   598.74
  726.91,   603.90,   723.93
  725.72,   604.12,   848.56
  730.52,   727.69,   599.84
  728.05,   730.80,   723.77
  723.87,   731.71,   848.70
  728.80,   852.67,   598.83
  726.89,   855.94,   722.52
  721.17,   855.89,   848.81
  852.78,   603.05,   598.90
  850.72,   605.59,   725.54
  849.04,   606.09,   850.14
  856.01,   728.76,   599.56
  853.64,   735.80,   725.33
  849.07,   734.70,   850.71
  854.53,   854.45,   597.70
  853.15,   861.79,   722.33
  848.38,   859.10,   849.83
