27, 125, pa2-debug-f-output1.txt
  203.21,   195.16,   200.12
  407.14,   398.07,   200.43
  100.75,    99.60,    98.95
   97.77,   102.02,   224.15
   96.09,   103.56,   348.84
  100.68,   225.17,    97.81
   97.75,   227.55,   222.84
   96.39,   229.17,   347.14
   99.87,   350.50,    95.56
   97.52,   351.79,   220.61
   97.26,   353.21,   345.20
  225.13,    99.39,   100.65
  222.76,   101.31,   225.70
  221.45,   103.60,   350.89
  225.92,   223.94,    99.57
  222.62,   226.38,   224.25
  221.21,   229.09,   348.70
  225.40,   350.19,    97.56
  223.22,   351.89,   222.57
  221.82,   353.29,   347.25
  350.04,    99.73,   102.30
  348.56,   101.29,   227.61
  346.58,   102.75,   352.44
  349.76,   224.57,   100.91
  348.50,   225.83,   225.95
  346.68,   228.65,   351.07
  350.75,   349.27,   100.10
  348.08,   350.67,   225.17
  346.30,   352.88,   349.21
   99.12,    99.77,   226.30
  100.10,    98.93,   350.92
  100.82,    97.90,   475.88
   95.29,   225.47,   227.37
   96.47,   224.23,   352.00
   97.38,   222.64,   476.86
   91.53,   349.79,   227.95
   93.67,   348.39,   352.56
   94.78,   346.81,   478.06
  223.58,   102.89,   225.07
  225.02,   102.57,   350.07
  226.30,   101.29,   475.36
  219.99,   228.13,   226.55
  221.67,   228.05,   351.10
  222.57,   226.44,   476.27
  216.95,   353.68,   227.65
  218.40,   352.21,   352.19
  219.09,   350.11,   477.75
  349.20,   106.60,   224.30
  350.29,   105.15,   349.21
  350.86,   103.74,   474.50
  345.73,   230.95,   225.48
  346.47,   231.08,   350.81
  347.17,   229.92,   475.82
  342.08,   355.83,   227.33
  342.82,   355.27,   351.58
  343.66,   354.27,   475.81
  100.15,   102.09,   350.09
  100.87,    99.26,   474.85
  100.61,    96.21,   599.74
   96.41,   227.35,   352.92
   96.61,   224.22,   477.71
   96.60,   219.77,   602.85
   93.46,   351.67,   355.28
   93.76,   348.26,   480.91
   92.86,   344.33,   606.47
  225.48,   106.15,   349.95
  225.88,   103.10,   474.73
  225.74,    99.67,   599.70
  221.66,   231.62,   352.64
  222.01,   228.52,   477.49
  221.77,   223.78,   603.60
  217.90,   355.33,   355.30
  218.33,   351.86,   480.77
  217.92,   348.26,   606.86
  350.55,   109.12,   349.61
  350.69,   105.93,   474.93
  350.45,   103.04,   600.16
  346.55,   234.86,   352.93
  346.43,   232.15,   477.85
  346.82,   228.32,   603.13
  342.28,   359.09,   355.37
  343.00,   356.12,   479.89
  343.25,   352.76,   605.02
   98.83,   101.19,   475.14
   95.16,   100.23,   600.11
   91.73,    98.23,   724.76
   95.44,   225.66,   475.84
   91.74,   223.76,   600.93
   88.21,   222.40,   725.72
   93.19,   350.05,   476.48
   88.58,   348.65,   602.10
   83.50,   347.43,   727.49
  224.07,   103.90,   478.95
  219.98,   103.14,   604.14
  215.47,   101.17,   729.22
  220.54,   229.24,   479.59
  216.68,   226.88,   605.21
  212.52,   224.47,   731.17
  217.63,   352.79,   480.13
  213.16,   351.36,   606.38
  208.27,   350.16,   732.61
  348.64,   106.39,   482.69
  344.73,   106.14,   607.88
  340.99,   105.17,   732.98
  345.41,   232.73,   483.47
  342.09,   231.10,   608.49
  338.75,   228.76,   733.63
  342.13,   356.80,   482.79
  339.12,   355.49,   608.27
  335.45,   354.04,   734.34
  100.41,   100.57,   601.08
  101.62,   103.10,   725.85
  103.09,   105.57,   852.00
  103.55,   224.25,   597.80
  104.20,   227.11,   722.81
  104.93,   231.37,   848.46
  106.41,   348.90,   594.78
  105.75,   352.14,   720.73
  106.05,   356.48,   845.57
  225.86,    97.69,   600.49
  225.65,   100.16,   725.50
  226.91,   102.99,   850.23
  228.63,   221.37,   597.23
  229.02,   223.15,   723.11
  230.15,   226.35,   847.82
  231.37,   345.87,   594.12
  231.22,   348.91,   720.31
  230.84,   352.68,   845.37
  350.16,    94.25,   599.31
  351.15,    98.07,   724.66
  352.96,   102.12,   848.90
  353.44,   219.32,   596.04
  355.01,   221.82,   720.73
  356.73,   225.19,   844.93
  356.83,   344.15,   591.23
  358.48,   346.75,   717.03
  358.90,   349.64,   842.66
   99.36,   226.80,    99.61
   96.70,   231.05,   224.43
   95.69,   234.26,   348.71
   95.14,   352.19,    95.68
   92.93,   355.33,   220.65
   93.02,   358.25,   345.01
   91.48,   477.64,    92.63
   89.58,   480.13,   217.79
   89.90,   483.05,   341.65
  224.47,   229.40,   100.88
  221.53,   233.65,   225.53
  220.75,   238.17,   350.06
  220.55,   355.37,    97.45
  218.47,   359.10,   222.37
  217.65,   361.93,   346.92
  217.09,   480.47,    94.26
  215.24,   484.53,   219.29
  213.95,   486.81,   343.67
  348.52,   233.15,   102.05
  347.48,   236.66,   226.78
  345.82,   240.78,   352.10
  345.85,   358.24,    99.21
  343.45,   361.19,   224.41
  341.91,   364.80,   348.42
  342.85,   483.63,    96.41
  340.15,   486.27,   221.31
  338.74,   489.65,   344.55
   98.37,   225.92,   224.14
  102.68,   229.01,   348.42
  106.11,   231.17,   473.44
   96.22,   350.23,   220.69
  100.87,   353.06,   345.44
  105.15,   355.53,   470.56
   93.88,   475.38,   218.31
   99.35,   477.70,   342.73
  103.68,   480.46,   467.52
  223.33,   227.04,   220.44
  227.29,   231.10,   344.89
  231.29,   233.42,   469.69
  221.47,   352.60,   217.45
  225.66,   354.82,   341.87
  229.49,   356.91,   467.26
  219.46,   478.14,   214.87
  223.73,   479.99,   339.41
  227.69,   481.34,   464.24
  348.82,   228.35,   216.33
  352.46,   232.29,   341.55
  355.94,   235.24,   466.68
  346.73,   353.02,   214.34
  350.24,   356.29,   338.25
  354.08,   359.72,   462.47
  344.34,   478.39,   212.38
  348.14,   481.11,   335.37
  352.25,   484.06,   459.07
   98.74,   227.86,   351.42
   99.11,   227.61,   476.65
   98.81,   226.11,   601.38
   97.89,   351.97,   350.85
   98.12,   351.95,   476.38
   97.24,   351.15,   602.06
   96.55,   476.78,   350.41
   97.44,   476.79,   475.74
   96.02,   476.94,   602.16
  223.85,   229.79,   351.24
  224.37,   229.61,   476.17
  223.94,   228.05,   602.37
  222.40,   353.77,   351.10
  222.67,   353.30,   476.26
  222.30,   352.77,   602.51
  220.73,   478.62,   350.83
  221.27,   477.78,   476.18
  220.85,   477.88,   602.01
  348.87,   230.90,   351.66
  349.11,   231.42,   476.84
  349.27,   230.63,   602.01
  346.74,   355.05,   350.98
  347.21,   355.54,   475.53
  348.01,   355.12,   600.80
  345.16,   479.55,   350.13
  345.58,   479.96,   474.28
  346.09,   480.18,   599.94
   98.33,   226.39,   473.30
   99.40,   223.12,   597.99
  100.70,   220.32,   723.05
  102.35,   350.57,   474.84
  102.33,   347.68,   600.94
  102.09,   345.13,   726.71
  105.97,   475.68,   476.45
  105.80,   473.42,   602.70
  105.36,   471.25,   729.07
  223.59,   223.81,   471.41
  224.47,   220.18,   597.23
  225.45,   216.32,   723.07
  226.55,   347.50,   473.69
  227.47,   344.56,   599.73
  227.65,   342.26,   726.10
  229.56,   471.84,   475.12
  230.94,   469.90,   601.05
  230.80,   468.82,   727.61
  348.27,   220.83,   470.69
  349.78,   218.17,   596.00
  351.42,   214.97,   720.90
  351.13,   345.05,   471.15
  353.06,   342.48,   596.41
  354.61,   339.72,   722.54
  354.18,   469.21,   472.00
  355.90,   467.63,   597.56
  357.16,   465.76,   724.73
  100.84,   225.10,   599.98
  102.57,   221.74,   724.88
  104.45,   219.54,   850.42
  100.59,   349.77,   602.97
  101.03,   346.77,   728.60
  102.73,   345.37,   853.59
  100.76,   475.44,   605.84
  100.81,   472.75,   732.07
  101.99,   470.94,   856.24
  225.74,   225.28,   598.18
  227.48,   220.79,   724.20
  229.79,   218.16,   848.59
  225.40,   349.99,   601.04
  226.42,   346.87,   727.54
  227.54,   344.23,   852.45
  225.85,   475.05,   603.19
  226.56,   473.69,   730.07
  226.32,   470.85,   855.42
  350.87,   226.36,   595.91
  353.59,   222.68,   720.65
  356.33,   220.16,   844.84
  351.25,   351.05,   597.42
  353.65,   347.62,   723.21
  355.07,   344.89,   848.68
  351.05,   475.81,   598.88
  352.96,   473.45,   726.10
  353.89,   470.72,   852.82
   98.62,   352.19,    99.25
  102.05,   351.45,   223.93
  106.76,   350.49,   348.72
   99.67,   477.46,    99.97
  103.20,   476.54,   225.00
  108.33,   475.44,   349.13
  101.50,   601.26,   101.81
  104.64,   601.44,   226.32
  109.14,   601.21,   349.99
  224.43,   350.56,    96.11
  227.44,   350.18,   220.75
  231.33,   349.54,   345.51
  225.64,   475.87,    96.70
  228.78,   475.59,   221.85
  232.25,   474.22,   345.98
  226.98,   600.37,    97.95
  229.54,   600.57,   222.96
  233.42,   599.54,   346.84
  349.49,   348.38,    93.01
  352.61,   347.38,   218.07
  355.84,   347.79,   342.38
  351.32,   473.93,    94.05
  353.37,   472.66,   219.30
  357.07,   472.10,   342.47
  352.62,   599.93,    94.28
  355.51,   598.81,   219.31
  358.87,   597.30,   342.72
   97.88,   350.72,   224.49
   98.07,   348.73,   349.28
   97.63,   346.64,   474.58
   96.09,   475.54,   226.51
   96.74,   473.43,   350.61
   96.48,   471.79,   475.94
   94.69,   600.45,   229.13
   94.84,   599.31,   352.82
   94.41,   597.55,   477.04
  223.32,   352.37,   225.92
  222.64,   350.54,   350.47
  221.90,   348.04,   475.66
  221.66,   478.16,   227.63
  220.87,   475.18,   352.15
  220.35,   472.40,   477.17
  219.24,   603.05,   230.20
  218.68,   600.94,   354.15
  218.76,   598.82,   478.51
  348.14,   353.07,   227.34
  347.29,   351.99,   351.38
  346.69,   350.74,   475.79
  346.54,   478.07,   229.32
  345.53,   476.51,   352.84
  344.92,   474.97,   476.86
  345.41,   603.75,   230.97
  344.20,   601.95,   354.11
  343.28,   599.97,   478.56
   99.68,   349.05,   350.28
  102.40,   345.74,   475.74
  103.79,   341.74,   601.48
  100.52,   473.88,   353.24
  103.69,   470.78,   478.61
  105.06,   467.07,   604.90
  101.25,   600.05,   356.74
  104.21,   596.80,   481.16
  106.55,   592.78,   607.26
  224.11,   348.70,   347.64
  226.89,   344.95,   473.14
  228.97,   340.89,   599.01
  225.05,   473.53,   351.09
  227.85,   469.38,   476.09
  230.13,   466.08,   602.00
  225.16,   598.83,   354.43
  228.31,   595.26,   478.86
  231.41,   592.61,   604.15
  348.63,   347.64,   345.24
  351.46,   344.93,   469.71
  354.36,   341.53,   594.97
  349.45,   472.48,   347.96
  352.45,   469.49,   472.03
  355.12,   465.98,   597.54
  350.66,   597.63,   351.04
  353.00,   594.57,   475.00
  355.74,   591.68,   601.27
  102.11,   349.39,   476.13
  100.71,   346.22,   602.09
   98.55,   342.72,   727.68
  102.06,   474.81,   478.51
  100.44,   471.91,   604.83
   97.99,   469.09,   731.21
  101.43,   600.45,   480.83
  100.80,   597.41,   606.74
   98.82,   594.64,   733.44
  226.41,   349.89,   476.47
  225.43,   346.53,   602.56
  223.91,   343.38,   729.05
  226.13,   474.34,   478.96
  225.45,   472.06,   605.06
  223.52,   470.19,   731.54
  225.47,   600.36,   480.91
  225.63,   598.05,   606.44
  225.27,   596.05,   732.60
  350.97,   351.06,   476.05
  351.06,   347.82,   601.26
  351.04,   344.11,   727.48
  350.71,   475.59,   477.45
  350.87,   472.61,   603.27
  350.27,   470.24,   730.53
  350.27,   600.54,   480.28
  349.95,   598.46,   606.24
  349.55,   596.20,   733.91
   99.63,   348.01,   602.09
   97.75,   350.10,   727.93
   97.05,   353.97,   852.30
  100.88,   473.69,   599.63
   98.89,   476.42,   726.01
   97.98,   479.78,   850.46
  102.86,   599.32,   596.20
  101.51,   602.11,   722.51
   99.89,   604.82,   847.05
  224.71,   346.95,   602.50
  222.89,   349.30,   728.95
  221.87,   351.88,   853.92
  225.93,   472.19,   599.59
  224.54,   475.83,   726.04
  222.33,   478.81,   851.71
  227.61,   598.41,   595.31
  227.52,   602.08,   721.70
  225.62,   604.16,   848.31
  350.06,   347.00,   600.97
  350.51,   348.56,   726.81
  349.39,   351.16,   852.67
  351.16,   471.67,   597.25
  351.04,   474.62,   724.59
  349.49,   477.24,   851.00
  351.84,   597.18,   595.02
  351.53,   600.26,   722.25
  351.46,   602.50,   848.76
  100.50,   475.29,    99.47
   99.17,   471.33,   224.17
   99.86,   467.43,   348.18
  102.72,   599.55,   104.44
  101.56,   596.18,   228.78
  101.83,   593.40,   351.89
  105.82,   723.27,   108.88
  103.64,   721.02,   233.19
  102.57,   718.89,   356.36
  226.44,   473.11,   100.37
  224.89,   469.93,   225.15
  224.35,   465.55,   349.72
  228.18,   597.93,   104.60
  226.35,   594.89,   229.51
  225.89,   590.84,   353.28
  230.39,   722.35,   108.63
  228.00,   719.38,   233.21
  227.07,   716.26,   357.22
  351.99,   470.92,   102.25
  349.73,   466.59,   227.09
  348.95,   463.04,   350.22
  354.17,   596.49,   105.81
  352.46,   592.09,   230.50
  351.17,   588.16,   353.67
  356.42,   721.99,   108.50
  355.18,   717.89,   233.61
  353.47,   713.67,   357.49
   97.65,   476.42,   225.62
  101.33,   473.09,   349.56
  104.30,   469.83,   474.84
   97.39,   601.11,   229.50
  100.86,   598.85,   352.95
  103.86,   596.09,   477.45
   97.68,   726.00,   233.50
   99.60,   724.63,   356.60
  102.92,   722.10,   480.15
  223.18,   477.55,   223.40
  225.81,   473.56,   348.09
  228.32,   469.66,   472.77
  222.22,   602.45,   227.05
  225.01,   598.81,   350.78
  227.77,   595.79,   475.38
  221.62,   726.75,   230.33
  224.23,   724.59,   354.16
  227.14,   722.22,   477.82
  347.86,   476.11,   222.05
  350.23,   473.20,   345.22
  352.79,   470.72,   469.10
  348.35,   602.19,   225.01
  350.70,   598.54,   348.25
  352.50,   595.76,   472.02
  349.18,   727.96,   227.55
  350.48,   724.07,   351.35
  352.05,   720.85,   476.02
   99.65,   475.17,   349.62
   97.44,   473.54,   474.58
   93.28,   471.21,   601.22
   98.70,   601.17,   351.97
   96.81,   599.13,   476.48
   93.26,   596.36,   602.50
   97.17,   726.91,   354.61
   95.38,   725.25,   478.10
   93.09,   722.03,   603.60
  223.93,   475.69,   353.10
  221.16,   472.99,   478.30
  217.77,   471.35,   604.22
  223.09,   601.28,   355.25
  220.69,   599.35,   479.65
  217.93,   597.55,   604.85
  221.68,   726.94,   357.10
  219.75,   725.87,   481.12
  218.26,   724.04,   605.53
  348.37,   475.79,   355.67
  345.85,   474.02,   479.33
  342.99,   472.28,   605.20
  348.28,   601.21,   357.20
  345.45,   599.33,   481.52
  342.25,   597.89,   607.56
  348.10,   726.57,   359.65
  344.52,   724.47,   484.72
  341.85,   722.94,   610.66
  101.83,   474.62,   475.38
  102.01,   477.21,   601.65
  101.16,   479.87,   728.12
  105.35,   600.45,   471.98
  106.42,   602.93,   597.95
  106.52,   605.83,   724.39
  108.36,   726.89,   469.16
  110.48,   729.19,   593.84
  112.11,   730.60,   719.35
  225.66,   470.19,   474.13
  226.82,   473.24,   600.22
  226.93,   477.09,   726.52
  229.55,   596.06,   470.85
  231.13,   599.55,   595.89
  232.40,   602.98,   722.07
  232.58,   722.88,   467.46
  235.18,   726.04,   592.29
  237.93,   728.16,   717.91
  350.33,   467.10,   471.18
  352.16,   469.92,   596.64
  353.35,   473.05,   723.87
  354.21,   592.12,   468.41
  355.45,   595.53,   594.24
  356.65,   598.49,   721.83
  357.48,   717.11,   466.42
  358.94,   720.43,   592.81
  361.00,   723.06,   719.61
  101.79,   473.82,   601.15
  100.01,   474.19,   727.66
   98.99,   476.00,   851.96
  105.29,   599.41,   599.69
  103.67,   600.11,   726.24
  102.70,   600.88,   850.79
  108.11,   725.62,   598.13
  108.15,   725.14,   723.84
  107.99,   724.44,   849.30
  226.90,   470.88,   600.76
  225.67,   472.35,   727.42
  223.40,   473.30,   853.23
  230.05,   597.44,   598.89
  230.05,   598.53,   725.37
  228.02,   598.61,   851.79
  232.79,   723.83,   597.39
  234.32,   724.18,   723.07
  233.58,   723.26,   849.66
  351.84,   469.20,   598.52
  351.83,   469.68,   725.84
  350.46,   470.30,   852.46
  354.03,   594.61,   598.63
  354.06,   595.70,   726.06
  354.04,   595.71,   852.05
  356.68,   719.68,   599.15
  357.27,   720.08,   725.75
  358.37,   720.17,   850.87
   97.88,   597.67,   100.30
  100.08,   599.67,   224.96
  103.99,   601.62,   348.14
   95.69,   721.94,    99.90
   96.94,   723.96,   224.73
   99.55,   727.29,   347.95
   92.27,   847.64,    96.81
   94.22,   848.71,   221.27
   96.35,   851.27,   346.06
  222.84,   601.69,    97.20
  224.94,   603.83,   221.98
  228.06,   604.72,   345.64
  219.61,   725.85,    95.99
  221.25,   727.95,   220.88
  223.88,   730.11,   344.86
  217.75,   851.12,    94.01
  218.94,   852.58,   217.01
  220.27,   854.35,   343.19
  348.47,   605.61,    93.78
  350.82,   606.32,   218.94
  353.48,   607.38,   342.25
  345.36,   731.12,    92.18
  348.26,   732.40,   217.44
  350.38,   732.62,   341.42
  342.61,   855.18,    90.94
  345.61,   857.06,   215.55
  346.23,   858.01,   340.81
   97.90,   601.39,   224.78
   99.84,   603.29,   348.19
  101.46,   604.82,   472.91
  100.97,   725.78,   224.63
  101.37,   728.87,   347.92
  103.46,   730.71,   471.65
  104.08,   850.72,   220.98
  104.10,   852.86,   345.93
  105.40,   855.59,   471.25
  222.65,   599.53,   223.95
  224.10,   600.36,   347.91
  225.64,   601.79,   471.98
  224.99,   723.95,   222.55
  225.96,   725.75,   346.70
  227.64,   728.13,   470.62
  228.97,   848.60,   218.94
  228.35,   850.17,   344.76
  229.16,   851.94,   470.29
  348.59,   596.07,   222.78
  349.57,   597.08,   346.14
  350.52,   598.56,   470.39
  352.18,   721.99,   221.27
  352.35,   722.78,   345.44
  352.61,   723.95,   470.11
  355.54,   846.92,   219.10
  354.53,   847.84,   344.39
  354.64,   848.17,   469.71
   99.98,   601.49,   348.94
  102.46,   603.85,   473.33
  104.02,   605.98,   599.39
   94.94,   726.86,   347.25
   98.12,   730.10,   470.95
  101.08,   731.70,   595.89
   91.76,   850.95,   344.55
   94.35,   855.05,   469.41
   97.30,   857.84,   594.26
  223.89,   604.72,   347.00
  226.67,   607.21,   471.58
  228.85,   610.08,   596.44
  219.44,   730.22,   345.09
  222.28,   733.63,   468.73
  225.94,   736.28,   593.23
  215.62,   854.18,   341.96
  217.56,   857.35,   467.47
  220.24,   860.38,   592.15
  349.28,   607.60,   344.34
  351.14,   610.04,   468.53
  353.02,   612.92,   594.38
  345.94,   733.08,   342.45
  347.19,   735.44,   466.99
  349.19,   737.90,   593.10
  341.65,   857.84,   340.29
  342.79,   859.78,   465.75
  345.03,   861.71,   591.35
   99.20,   598.87,   473.65
  100.55,   598.32,   599.76
  100.77,   598.44,   726.23
   97.60,   725.20,   473.79
   99.87,   724.32,   598.94
  101.20,   722.97,   724.74
   96.10,   850.37,   474.78
   98.65,   850.64,   599.06
  100.81,   849.57,   724.16
  223.49,   599.52,   472.23
  225.35,   600.08,   597.30
  227.14,   600.56,   723.62
  221.62,   726.06,   471.81
  225.05,   726.55,   596.24
  227.64,   726.22,   721.84
  219.15,   850.13,   473.15
  222.23,   850.60,   597.39
  225.07,   850.73,   721.56
  348.25,   600.48,   469.25
  349.73,   600.71,   595.10
  351.24,   601.20,   722.47
  346.87,   725.47,   470.32
  348.49,   725.81,   596.34
  350.97,   725.68,   723.21
  344.74,   850.03,   471.59
  346.80,   849.78,   596.88
  349.75,   849.69,   722.84
  100.45,   602.02,   602.21
  100.01,   604.24,   728.52
   99.69,   606.55,   852.97
   98.28,   727.68,   598.89
   98.82,   728.83,   724.89
   99.77,   730.24,   849.93
   95.79,   854.05,   597.13
   96.76,   855.62,   721.96
   97.38,   855.93,   847.49
  225.51,   605.01,   600.51
  226.30,   607.82,   726.46
  225.21,   609.71,   853.09
  223.36,   731.72,   597.01
  225.20,   733.29,   722.59
  225.78,   734.20,   849.10
  218.66,   855.68,   596.22
  220.85,   857.98,   720.07
  222.39,   858.61,   845.89
  349.58,   607.47,   599.21
  350.28,   609.92,   726.44
  351.02,   611.53,   852.80
  346.65,   732.47,   598.09
  348.62,   734.61,   724.94
  350.32,   736.47,   849.93
  343.52,   856.33,   596.44
  345.62,   858.64,   722.16
  346.55,   860.90,   847.44
  226.35,    98.75,   100.31
  224.25,    95.84,   225.11
  223.77,    92.72,   350.35
  225.71,   223.49,   103.94
  223.39,   220.84,   229.00
  222.66,   218.62,   353.17
  224.33,   349.58,   107.49
  222.58,   346.41,   232.39
  221.90,   342.42,   356.83
  350.79,   100.36,   101.26
  349.91,    96.76,   226.20
  348.89,    92.68,   350.97
  349.81,   224.98,   104.83
  349.03,   221.34,   229.88
  347.77,   218.84,   354.96
  349.55,   349.71,   109.11
  347.74,   345.83,   233.81
  346.61,   343.02,   358.06
  477.30,   101.42,   101.50
  476.18,    98.63,   227.57
  473.58,    93.13,   352.39
  475.13,   226.23,   106.22
  474.74,   222.88,   231.17
  473.24,   219.66,   356.18
  474.18,   349.76,   110.76
  472.72,   345.68,   235.17
  471.51,   343.74,   359.35
  224.56,   101.17,   225.34
  221.44,    99.56,   350.47
  218.59,    96.85,   475.52
  225.90,   226.42,   228.25
  222.92,   225.05,   352.56
  219.91,   222.03,   477.64
  227.73,   351.55,   230.58
  224.75,   348.85,   355.19
  221.68,   345.87,   480.34
  350.30,    99.63,   228.93
  346.90,    96.99,   353.66
  343.05,    94.02,   478.91
  351.79,   224.29,   231.33
  348.15,   222.77,   356.50
  344.63,   220.43,   482.03
  352.72,   348.85,   234.48
  349.25,   347.21,   358.78
  345.91,   345.07,   483.02
  476.12,    99.23,   232.45
  471.11,    94.59,   357.18
  467.13,    91.15,   482.17
  477.22,   223.25,   235.03
  473.17,   221.49,   360.27
  468.85,   219.22,   485.34
  477.50,   346.29,   238.25
  474.20,   345.41,   362.08
  471.01,   343.97,   486.37
  224.10,   101.53,   349.47
  227.33,   103.78,   474.42
  229.58,   106.02,   599.37
  223.29,   226.84,   346.57
  226.38,   229.21,   471.80
  228.50,   230.52,   597.24
  223.17,   350.94,   343.98
  226.09,   352.80,   469.06
  228.02,   354.83,   595.16
  349.17,   100.85,   346.66
  351.89,   103.38,   471.68
  353.86,   106.28,   597.16
  348.55,   226.91,   344.15
  351.07,   229.65,   469.67
  353.73,   231.48,   594.73
  347.41,   351.15,   341.30
  350.70,   353.96,   465.46
  353.66,   356.23,   590.72
  473.56,   100.96,   344.11
  475.87,   102.47,   468.98
  478.42,   106.68,   594.34
  473.88,   227.21,   341.42
  475.58,   230.51,   466.80
  478.57,   232.79,   591.38
  472.33,   351.15,   338.74
  475.54,   355.08,   462.78
  478.82,   357.49,   587.34
  225.54,   101.39,   476.93
  222.29,   104.09,   601.88
  218.26,   105.93,   726.87
  223.70,   226.75,   473.49
  220.54,   228.05,   599.34
  216.99,   229.19,   725.22
  222.76,   350.25,   470.93
  219.28,   352.75,   596.86
  215.02,   355.11,   723.27
  350.12,   101.99,   479.77
  347.03,   105.38,   604.90
  344.20,   108.45,   729.78
  348.55,   228.39,   476.87
  346.12,   230.27,   601.88
  343.62,   231.78,   727.00
  347.20,   352.35,   472.60
  344.93,   355.19,   598.01
  342.28,   357.19,   724.16
  474.05,   102.12,   482.35
  471.56,   106.48,   607.63
  470.31,   110.91,   732.63
  472.87,   229.86,   479.37
  470.99,   232.27,   604.25
  469.74,   234.95,   728.82
  471.95,   354.50,   475.14
  469.90,   357.37,   599.55
  468.15,   358.59,   725.07
  224.86,   100.67,   599.00
  224.72,   100.89,   724.42
  225.37,   101.86,   848.89
  221.21,   224.75,   598.07
  221.55,   224.09,   724.13
  222.64,   224.97,   848.67
  217.64,   349.01,   597.59
  216.97,   349.96,   723.92
  216.86,   351.35,   848.70
  349.28,   103.65,   598.23
  350.33,   105.24,   723.25
  351.98,   106.93,   847.63
  346.10,   228.82,   597.25
  347.48,   229.05,   722.08
  348.93,   229.89,   846.12
  343.09,   353.31,   594.68
  344.09,   353.87,   720.57
  344.34,   354.93,   846.44
  473.86,   106.90,   597.34
  476.36,   109.88,   722.42
  478.15,   111.97,   846.51
  471.04,   233.15,   595.40
  473.60,   233.88,   720.15
  475.05,   235.08,   844.37
  468.05,   357.81,   592.66
  470.20,   357.52,   717.98
  471.25,   358.16,   843.84
  224.35,   226.07,    99.94
  223.84,   228.19,   224.42
  224.88,   230.39,   348.95
  220.24,   352.19,    98.20
  220.43,   353.77,   223.17
  221.21,   354.66,   347.92
  216.40,   477.45,    97.22
  216.56,   479.12,   222.22
  217.48,   479.37,   346.57
  348.48,   230.25,    98.60
  349.36,   231.40,   223.88
  349.83,   233.79,   348.74
  345.24,   355.29,    97.98
  345.15,   355.78,   223.18
  345.87,   357.99,   347.34
  342.13,   480.74,    97.64
  341.56,   481.34,   222.52
  342.03,   482.41,   345.52
  473.43,   233.98,    98.49
  475.04,   235.71,   223.54
  475.18,   237.58,   348.46
  469.98,   358.13,    97.93
  470.20,   358.53,   222.86
  470.63,   361.30,   346.59
  467.00,   483.74,    96.92
  466.28,   483.59,   221.84
  467.19,   485.68,   344.88
  223.76,   224.18,   225.55
  223.83,   223.93,   350.13
  223.99,   222.01,   475.07
  225.14,   349.85,   227.21
  225.43,   347.91,   351.76
  225.34,   345.70,   476.88
  226.37,   475.09,   229.10
  226.55,   472.57,   353.25
  226.61,   470.01,   478.43
  349.62,   222.55,   225.54
  349.11,   222.23,   350.70
  348.82,   220.75,   476.14
  350.13,   347.07,   227.81
  349.96,   346.44,   352.06
  350.10,   345.26,   476.43
  350.97,   472.44,   229.73
  351.07,   470.59,   353.02
  351.29,   469.34,   476.95
  475.00,   222.03,   225.98
  474.25,   221.05,   351.03
  473.06,   219.46,   476.24
  474.91,   345.09,   228.14
  474.58,   344.92,   352.26
  474.78,   344.50,   476.39
  475.83,   469.73,   230.22
  475.80,   469.39,   353.04
  476.38,   468.90,   477.12
  225.74,   225.74,   347.78
  228.46,   226.56,   473.03
  230.41,   226.60,   598.98
  224.10,   349.54,   346.57
  226.65,   350.39,   472.00
  228.60,   350.80,   597.88
  222.48,   474.30,   345.38
  225.08,   474.67,   470.47
  227.21,   476.44,   596.11
  350.71,   226.87,   346.17
  353.04,   228.44,   471.15
  355.59,   228.81,   596.28
  348.55,   350.81,   344.39
  351.37,   352.58,   468.67
  353.93,   353.82,   593.90
  347.06,   475.40,   342.29
  349.53,   477.18,   466.25
  352.36,   478.59,   591.58
  476.17,   228.57,   343.51
  477.42,   230.02,   468.97
  480.09,   231.28,   593.50
  473.43,   352.04,   342.04
  476.23,   354.83,   465.83
  479.18,   355.97,   590.51
  471.98,   476.41,   340.14
  475.09,   479.23,   463.61
  477.37,   480.89,   588.95
  224.97,   224.36,   476.46
  227.06,   219.35,   602.35
  229.10,   213.74,   728.09
  225.65,   347.84,   480.48
  227.69,   343.45,   606.38
  228.70,   339.25,   732.56
  226.32,   472.18,   483.47
  228.46,   468.88,   609.67
  229.53,   466.14,   736.24
  349.36,   223.89,   474.34
  352.41,   219.40,   599.49
  355.25,   214.70,   724.32
  349.96,   348.03,   476.78
  353.34,   344.00,   601.86
  356.04,   339.50,   727.86
  350.97,   472.29,   479.27
  353.77,   469.10,   604.69
  356.06,   465.44,   731.95
  473.83,   223.43,   471.92
  477.01,   219.53,   596.59
  481.18,   215.71,   721.05
  474.93,   348.11,   473.76
  478.53,   344.56,   598.47
  481.85,   339.58,   723.61
  476.14,   472.49,   476.25
  479.00,   468.90,   601.87
  481.50,   464.02,   728.10
  224.06,   223.48,   600.62
  224.34,   220.76,   726.45
  225.71,   218.86,   851.33
  220.42,   348.10,   602.54
  220.07,   346.44,   728.97
  219.82,   345.25,   853.74
  217.10,   473.64,   603.49
  216.72,   473.13,   729.81
  215.44,   472.00,   855.45
  349.41,   227.97,   599.74
  350.85,   225.47,   724.52
  352.05,   224.36,   848.93
  345.99,   352.87,   599.82
  347.12,   350.76,   725.75
  347.36,   348.99,   851.53
  342.61,   477.50,   600.49
  342.92,   476.53,   727.74
  342.66,   475.24,   854.10
  474.27,   232.22,   598.15
  476.55,   230.86,   722.86
  477.99,   229.49,   847.24
  471.23,   357.04,   597.87
  473.19,   354.30,   723.26
  474.47,   352.54,   849.44
  467.29,   481.65,   598.95
  468.36,   479.45,   725.53
  469.76,   477.17,   851.96
  222.87,   350.50,    99.24
  225.47,   352.67,   223.84
  228.91,   353.77,   348.39
  225.02,   476.00,    97.32
  228.05,   478.00,   222.33
  231.25,   478.71,   346.92
  227.84,   600.45,    96.65
  229.79,   602.91,   221.39
  233.49,   604.08,   345.37
  347.97,   347.35,    96.73
  350.40,   348.43,   221.48
  353.30,   351.05,   345.52
  350.87,   472.96,    95.31
  352.61,   473.80,   220.34
  356.12,   475.64,   343.57
  353.42,   598.80,    93.20
  356.10,   599.42,   218.39
  359.01,   600.61,   341.48
  472.75,   344.22,    93.94
  475.45,   345.14,   218.96
  478.46,   348.09,   342.84
  476.20,   469.55,    92.49
  477.40,   469.62,   217.44
  480.90,   472.63,   340.39
  479.11,   596.31,    90.31
  481.43,   596.35,   215.37
  484.53,   598.01,   338.32
  222.99,   351.06,   223.98
  222.82,   351.37,   348.90
  222.14,   351.62,   474.29
  221.49,   476.31,   223.46
  221.10,   476.32,   348.05
  220.56,   476.13,   473.18
  219.00,   601.29,   223.12
  218.67,   601.87,   347.20
  218.89,   602.59,   471.35
  348.27,   351.41,   225.44
  347.31,   353.02,   349.83
  346.67,   354.15,   474.15
  346.51,   476.74,   224.87
  345.63,   477.49,   348.13
  345.09,   478.50,   472.03
  345.48,   602.56,   223.84
  344.23,   602.63,   347.33
  343.52,   603.76,   471.49
  472.93,   351.75,   226.74
  472.05,   354.52,   350.74
  471.64,   356.43,   474.54
  471.01,   477.00,   225.96
  470.64,   478.79,   349.03
  470.18,   481.01,   472.84
  470.85,   603.56,   224.56
  469.97,   604.09,   347.38
  468.59,   605.77,   471.99
  224.96,   349.19,   350.68
  225.91,   351.04,   475.84
  225.75,   352.99,   602.12
  227.42,   474.29,   348.33
  228.38,   475.74,   472.94
  228.51,   478.41,   599.12
  229.78,   599.40,   345.69
  231.05,   601.68,   470.05
  231.95,   604.64,   595.25
  349.65,   346.48,   350.25
  350.47,   349.22,   474.46
  351.49,   351.47,   599.68
  352.00,   470.84,   347.27
  353.12,   473.71,   471.05
  353.84,   476.13,   596.45
  355.26,   596.07,   344.57
  355.76,   598.92,   468.52
  356.01,   601.57,   594.76
  474.46,   343.67,   349.90
  475.44,   347.41,   473.76
  476.44,   349.49,   598.35
  477.19,   468.08,   346.68
  478.32,   471.70,   470.36
  478.88,   474.20,   595.59
  480.68,   593.41,   343.56
  481.07,   596.42,   468.10
  480.42,   598.80,   594.88
  223.87,   348.69,   476.57
  221.80,   348.98,   602.83
  218.67,   349.17,   729.22
  222.20,   473.27,   475.65
  220.41,   474.45,   601.55
  217.10,   476.06,   728.17
  220.36,   599.28,   474.05
  219.18,   600.61,   599.31
  217.75,   602.01,   725.31
  348.35,   351.37,   477.31
  347.44,   351.57,   602.74
  345.67,   351.47,   728.95
  346.79,   475.68,   475.30
  345.48,   476.62,   600.80
  343.63,   477.60,   728.08
  344.85,   600.76,   474.28
  343.36,   602.04,   600.38
  341.65,   603.33,   727.61
  473.47,   353.49,   478.36
  472.53,   354.09,   603.16
  471.72,   353.48,   728.81
  471.69,   478.12,   476.44
  470.68,   478.95,   602.00
  469.00,   478.56,   729.01
  470.19,   602.71,   475.65
  467.58,   603.55,   602.81
  465.75,   604.33,   730.32
  223.85,   347.69,   600.50
  221.53,   347.86,   726.63
  219.86,   348.60,   851.69
  224.54,   473.23,   599.55
  222.19,   474.76,   726.27
  219.44,   475.27,   851.63
  225.36,   599.43,   597.55
  224.71,   600.84,   723.94
  222.17,   600.90,   850.41
  349.37,   348.60,   599.33
  348.68,   347.95,   725.24
  347.31,   348.26,   851.02
  349.48,   473.20,   598.06
  348.59,   474.05,   725.39
  346.62,   474.44,   851.81
  349.64,   598.86,   597.90
  348.78,   599.94,   725.10
  348.17,   599.64,   851.42
  474.58,   349.04,   598.99
  475.02,   348.12,   724.21
  474.66,   347.93,   850.10
  474.67,   473.41,   598.12
  474.07,   472.74,   725.02
  474.00,   472.30,   851.01
  474.06,   598.41,   599.10
  472.97,   598.51,   726.62
  473.68,   598.41,   851.49
  226.17,   477.78,   101.83
  223.38,   475.21,   226.91
  220.84,   471.77,   350.96
  223.00,   602.33,   105.05
  219.67,   599.97,   229.85
  217.71,   597.04,   353.76
  220.44,   726.64,   108.00
  216.24,   724.21,   232.70
  213.95,   722.55,   356.81
  351.84,   480.06,   105.42
  348.07,   476.52,   230.15
  345.26,   473.88,   353.47
  348.95,   605.61,   107.77
  345.62,   602.41,   232.74
  342.83,   598.97,   355.79
  346.35,   730.98,   110.08
  343.59,   728.05,   234.93
  339.97,   724.49,   358.89
  476.57,   481.98,   108.48
  472.72,   478.22,   233.28
  470.28,   476.59,   356.14
  474.33,   608.59,   110.73
  471.54,   604.37,   235.14
  468.58,   601.91,   358.18
  472.57,   734.98,   112.27
  470.99,   731.58,   236.95
  466.48,   727.23,   361.45
  223.83,   475.89,   226.54
  223.25,   473.53,   351.09
  222.41,   470.99,   476.16
  225.95,   600.56,   228.80
  225.69,   598.99,   352.48
  225.10,   597.47,   476.89
  228.61,   725.27,   230.25
  227.62,   724.66,   354.19
  227.52,   724.15,   477.99
  348.91,   471.80,   228.66
  347.81,   470.32,   351.76
  347.16,   469.16,   475.54
  352.29,   597.29,   229.49
  350.82,   595.52,   352.99
  349.86,   594.30,   476.87
  355.75,   723.29,   230.77
  354.04,   720.89,   354.59
  352.51,   719.60,   479.62
  473.21,   467.61,   229.59
  472.57,   467.18,   352.77
  472.26,   467.23,   476.25
  477.37,   593.97,   230.42
  476.48,   592.47,   353.40
  475.17,   591.99,   478.13
  482.99,   721.14,   231.03
  480.28,   718.18,   355.05
  477.43,   716.00,   480.66
  224.68,   474.18,   351.74
  223.48,   471.31,   476.62
  221.53,   469.83,   602.44
  225.45,   599.56,   353.54
  224.54,   597.50,   477.62
  223.03,   596.15,   603.22
  225.79,   725.28,   355.54
  225.40,   724.18,   479.17
  224.82,   722.60,   604.03
  349.49,   472.49,   352.66
  348.21,   470.73,   476.54
  346.57,   469.04,   602.35
  350.84,   597.73,   354.45
  349.23,   596.13,   478.37
  347.50,   594.65,   604.65
  352.21,   722.96,   356.78
  349.87,   721.13,   481.39
  348.25,   720.03,   607.61
  474.24,   470.91,   354.17
  473.48,   470.27,   477.88
  471.55,   468.73,   603.71
  476.54,   596.12,   355.61
  474.44,   595.22,   480.17
  471.76,   593.38,   606.85
  478.94,   721.66,   357.65
  475.13,   719.22,   483.19
  472.23,   717.68,   611.09
  223.36,   473.44,   475.77
  223.27,   475.05,   601.89
  221.92,   477.53,   728.44
  224.86,   599.57,   473.64
  225.45,   601.66,   599.23
  225.28,   603.34,   725.44
  225.79,   726.15,   471.99
  227.36,   728.05,   596.53
  228.50,   729.10,   722.40
  348.12,   472.87,   474.02
  348.55,   474.06,   599.58
  348.38,   475.97,   726.77
  349.57,   597.73,   472.43
  349.50,   599.66,   598.52
  349.30,   601.61,   725.98
  350.69,   723.29,   472.37
  350.83,   725.02,   598.36
  351.64,   726.35,   725.03
  473.23,   471.93,   473.79
  473.56,   473.50,   599.02
  473.60,   473.40,   725.99
  474.86,   596.37,   472.38
  474.02,   597.99,   599.26
  473.45,   599.49,   726.88
  475.80,   720.78,   472.32
  474.88,   722.33,   599.77
  475.02,   723.95,   727.50
  225.56,   475.16,   599.18
  227.43,   475.34,   725.92
  228.57,   474.32,   851.55
  229.41,   601.28,   598.96
  232.84,   601.03,   725.06
  234.35,   599.95,   851.57
  233.34,   727.69,   598.46
  238.15,   726.49,   724.08
  240.88,   724.64,   850.56
  350.44,   472.35,   593.95
  354.04,   471.72,   720.93
  356.13,   470.40,   847.71
  353.90,   597.51,   595.04
  356.91,   597.12,   722.43
  360.06,   595.98,   848.67
  357.16,   722.65,   596.94
  361.16,   721.75,   723.60
  365.37,   720.83,   848.83
  475.60,   469.56,   589.76
  479.29,   467.28,   716.40
  482.75,   465.66,   842.56
  478.21,   593.96,   592.05
  480.89,   593.09,   719.70
  485.30,   591.64,   844.55
  481.01,   718.16,   594.90
  484.66,   717.61,   722.41
  489.33,   717.17,   845.89
  224.15,   600.52,   101.09
  224.71,   601.39,   226.19
  226.96,   600.96,   349.91
  225.97,   724.99,   101.59
  226.46,   725.90,   226.28
  227.89,   726.66,   350.29
  229.18,   850.42,   100.22
  229.29,   850.31,   224.11
  229.36,   850.91,   350.00
  350.07,   599.83,    99.74
  351.20,   599.00,   224.43
  352.31,   598.48,   347.83
  352.09,   725.23,    99.00
  353.70,   724.97,   224.16
  354.57,   724.02,   348.17
  354.59,   849.47,    98.92
  355.88,   849.95,   223.45
  355.45,   849.06,   348.97
  475.47,   598.24,    98.44
  476.61,   596.35,   222.92
  477.84,   596.42,   346.12
  477.70,   724.33,    97.35
  480.77,   724.07,   222.17
  481.15,   722.39,   345.99
  479.55,   847.95,    98.04
  482.98,   849.32,   222.15
  482.35,   848.36,   346.77
  223.37,   601.76,   225.98
  225.12,   598.80,   349.70
  227.06,   595.87,   473.97
  223.74,   726.03,   228.94
  225.32,   724.26,   352.83
  227.36,   722.27,   476.74
  225.60,   850.81,   229.37
  225.58,   848.43,   355.31
  226.84,   846.36,   480.22
  349.53,   600.38,   224.33
  350.86,   597.15,   347.67
  351.92,   594.75,   471.77
  351.27,   726.55,   227.00
  351.69,   722.96,   351.00
  352.43,   719.95,   475.46
  352.29,   851.58,   228.82
  351.78,   848.18,   354.05
  352.12,   844.65,   479.71
  474.90,   599.06,   223.11
  476.41,   596.50,   346.15
  477.01,   594.51,   470.63
  478.26,   726.53,   224.87
  478.35,   722.27,   349.05
  477.66,   718.23,   474.67
  479.21,   852.08,   227.88
  478.33,   848.21,   352.12
  477.64,   843.48,   478.02
  223.80,   600.23,   351.64
  227.24,   598.28,   476.22
  230.32,   596.93,   601.61
  224.23,   725.57,   353.78
  227.96,   724.73,   477.69
  232.00,   723.22,   601.99
  225.15,   849.75,   355.21
  227.93,   848.83,   480.36
  231.60,   847.50,   604.93
  349.27,   598.18,   348.24
  352.11,   596.67,   472.21
  354.85,   595.42,   598.39
  350.56,   723.80,   350.57
  352.98,   721.92,   475.00
  355.56,   720.51,   601.43
  351.09,   848.89,   352.62
  352.97,   846.56,   477.78
  356.54,   844.41,   603.54
  475.21,   597.07,   345.04
  477.32,   596.02,   469.70
  479.03,   594.39,   596.12
  477.40,   722.64,   347.05
  478.07,   719.84,   472.58
  479.39,   718.45,   599.98
  477.89,   848.95,   348.92
  478.70,   845.17,   474.62
  481.38,   842.23,   601.68
  225.17,   598.91,   472.48
  221.93,   598.86,   597.56
  218.15,   598.63,   723.93
  226.53,   725.57,   472.52
  224.27,   725.41,   597.13
  221.74,   724.48,   722.74
  226.63,   849.55,   474.41
  224.47,   849.55,   598.95
  221.94,   849.07,   723.21
  349.74,   596.95,   474.97
  346.36,   596.67,   600.87
  342.24,   596.33,   728.20
  351.23,   722.19,   476.39
  347.89,   721.75,   602.54
  345.09,   721.22,   729.07
  352.10,   846.73,   478.23
  349.36,   845.68,   603.94
  346.71,   845.29,   729.70
  475.00,   595.27,   478.26
  470.42,   594.58,   604.94
  466.46,   593.88,   732.79
  476.21,   719.42,   480.45
  471.66,   718.70,   607.79
  468.22,   718.48,   735.16
  477.48,   844.25,   481.62
  474.08,   842.43,   608.51
  471.70,   842.01,   736.05
  227.33,   599.07,   600.70
  226.52,   598.13,   726.64
  224.06,   595.76,   853.19
  225.89,   725.72,   601.10
  226.30,   723.39,   726.74
  225.20,   720.33,   853.32
  222.30,   850.05,   603.81
  223.33,   847.97,   728.04
  223.15,   844.51,   853.96
  351.68,   600.74,   600.89
  350.80,   599.66,   728.16
  349.84,   597.07,   854.33
  349.46,   725.96,   603.49
  349.80,   724.31,   730.26
  349.93,   721.82,   855.34
  347.00,   850.01,   605.97
  347.56,   848.14,   731.74
  347.63,   846.37,   856.82
  475.79,   602.75,   602.18
  474.98,   600.92,   729.60
  475.67,   598.06,   853.89
  473.36,   726.80,   605.65
  473.43,   725.17,   733.41
  474.21,   724.07,   856.11
  472.46,   850.52,   607.51
  472.99,   848.63,   735.05
  471.73,   848.16,   859.17
  351.32,   101.59,   101.06
  350.06,    98.23,   226.28
  348.82,    93.69,   350.95
  347.88,   226.03,   104.78
  346.79,   222.45,   229.78
  345.43,   219.99,   355.10
  345.18,   350.73,   108.91
  343.20,   347.19,   233.72
  341.91,   344.09,   358.01
  477.36,   104.93,   101.67
  475.92,   102.28,   227.76
  473.16,    96.68,   352.59
  472.98,   229.55,   106.50
  472.59,   226.04,   231.45
  470.51,   223.21,   356.30
  469.98,   353.14,   111.13
  468.05,   349.15,   235.69
  466.72,   347.19,   359.41
  603.21,   107.71,   104.12
  601.84,   105.76,   229.49
  598.38,   100.95,   353.94
  598.90,   232.27,   108.75
  598.19,   229.85,   232.93
  595.76,   226.23,   357.31
  594.40,   356.42,   112.38
  592.85,   351.97,   236.85
  592.28,   350.32,   361.25
  348.90,   101.56,   224.09
  351.60,   101.35,   348.98
  354.45,   101.82,   474.00
  348.07,   226.04,   223.70
  350.62,   227.38,   348.95
  353.53,   228.15,   474.07
  346.92,   350.63,   223.82
  349.82,   351.88,   348.19
  352.87,   352.30,   472.47
  474.60,   103.11,   221.34
  476.13,   101.92,   346.21
  478.34,   101.12,   471.49
  473.71,   227.41,   221.21
  475.94,   228.09,   345.98
  477.75,   228.82,   471.13
  471.76,   350.05,   221.43
  474.51,   351.92,   345.39
  478.00,   353.58,   469.57
  600.77,   104.38,   218.79
  601.62,   103.47,   343.20
  603.32,   102.13,   468.15
  599.12,   228.52,   218.76
  601.33,   228.56,   342.79
  603.10,   228.32,   467.42
  596.62,   350.57,   218.27
  599.96,   352.33,   342.86
  603.14,   354.10,   467.38
  349.94,   101.63,   348.10
  346.31,   105.03,   473.49
  342.42,   108.49,   598.86
  351.76,   227.47,   345.37
  348.22,   231.11,   470.54
  345.17,   233.74,   595.65
  353.68,   351.70,   341.76
  350.71,   355.65,   465.95
  347.80,   358.45,   591.04
  474.08,    99.17,   351.95
  470.11,   101.50,   476.65
  466.89,   106.37,   602.15
  477.12,   225.63,   348.71
  472.73,   229.36,   474.03
  469.89,   232.10,   598.57
  478.74,   349.43,   345.00
  475.77,   353.73,   469.23
  472.86,   356.89,   593.54
  599.31,    97.75,   355.25
  595.31,    99.69,   480.06
  592.09,   103.92,   605.36
  602.24,   223.11,   351.45
  597.55,   225.71,   476.40
  594.81,   229.24,   601.76
  603.86,   347.08,   348.58
  600.94,   351.31,   473.52
  597.71,   354.41,   598.20
  348.71,    98.42,   476.25
  344.59,    98.79,   601.61
  340.74,    98.79,   726.53
  349.37,   224.75,   476.61
  345.76,   223.83,   602.01
  342.48,   222.45,   726.82
  350.13,   349.18,   475.56
  346.76,   348.78,   600.96
  343.05,   347.40,   726.97
  472.51,    96.21,   479.75
  468.91,    97.87,   605.27
  466.50,    98.94,   730.40
  473.67,   224.19,   480.51
  470.70,   223.55,   605.30
  468.19,   223.29,   729.52
  475.11,   348.92,   479.07
  472.03,   348.42,   603.58
  469.10,   346.85,   729.20
  597.48,    95.90,   483.22
  594.11,    97.12,   608.89
  591.92,    98.61,   734.04
  598.46,   221.99,   483.14
  595.48,   222.14,   608.33
  593.08,   222.40,   733.62
  600.37,   347.91,   483.60
  596.89,   347.48,   608.39
  593.43,   345.77,   733.63
  350.39,   101.59,   602.08
  351.76,   100.57,   727.32
  353.86,    99.04,   851.50
  350.07,   226.75,   603.99
  352.14,   224.07,   728.58
  354.43,   222.26,   853.03
  350.31,   351.76,   604.59
  352.17,   349.11,   730.54
  352.87,   347.20,   855.90
  474.94,   101.95,   600.44
  477.87,   101.95,   725.32
  480.16,   101.18,   849.76
  475.16,   227.93,   601.73
  478.32,   225.83,   726.29
  480.51,   224.60,   850.70
  475.24,   352.93,   601.94
  478.18,   349.49,   727.22
  479.88,   347.61,   853.08
  599.86,   102.38,   598.45
  602.82,   102.52,   723.52
  604.63,   101.93,   847.91
  600.02,   227.71,   599.65
  602.98,   226.31,   725.02
  605.02,   224.99,   849.70
  600.33,   353.01,   601.34
  602.27,   349.86,   726.39
  604.55,   347.27,   851.56
  349.70,   225.47,    99.52
  347.43,   221.66,   224.12
  344.44,   219.35,   349.49
  352.83,   349.97,   103.69
  349.30,   346.42,   228.24
  346.17,   343.45,   352.40
  355.05,   475.69,   107.87
  351.17,   471.54,   232.21
  348.78,   467.90,   355.61
  474.99,   223.13,   102.52
  473.04,   220.09,   227.26
  469.83,   217.28,   352.26
  477.34,   346.91,   106.68
  474.04,   342.78,   231.28
  471.18,   341.08,   355.54
  480.18,   472.02,   110.69
  475.97,   467.75,   235.27
  473.68,   465.48,   357.98
  601.08,   220.69,   106.02
  598.80,   218.45,   230.13
  594.66,   214.56,   354.32
  601.57,   344.70,   109.49
  599.12,   340.64,   233.81
  596.68,   338.64,   358.27
  604.08,   469.55,   112.56
  600.64,   464.72,   237.31
  598.85,   462.94,   361.61
  351.98,   222.90,   225.31
  351.38,   223.82,   350.32
  350.34,   223.68,   475.70
  352.79,   347.43,   226.31
  351.95,   347.97,   350.35
  351.64,   348.33,   474.89
  353.79,   472.63,   226.87
  353.36,   472.41,   350.25
  352.85,   472.42,   473.79
  477.75,   222.59,   226.11
  476.51,   222.86,   351.05
  474.92,   222.72,   476.64
  477.50,   345.12,   226.93
  476.92,   346.54,   351.01
  476.47,   347.82,   475.42
  478.26,   470.23,   227.54
  478.14,   471.04,   350.83
  478.13,   472.12,   474.66
  603.54,   222.04,   227.36
  601.66,   221.15,   351.55
  599.58,   220.16,   476.46
  602.68,   344.23,   227.72
  602.45,   345.44,   352.11
  601.81,   346.16,   476.93
  603.25,   468.43,   227.57
  603.55,   469.95,   352.19
  603.90,   471.16,   477.45
  351.79,   226.17,   351.38
  349.37,   224.28,   476.63
  347.11,   221.57,   601.70
  351.59,   350.37,   352.78
  349.88,   348.93,   477.05
  347.70,   346.54,   602.44
  352.36,   474.64,   354.10
  350.08,   473.34,   478.10
  348.04,   471.17,   603.56
  477.27,   225.91,   353.37
  473.66,   224.22,   479.00
  471.74,   222.11,   603.82
  476.54,   349.84,   355.20
  474.76,   349.13,   479.31
  472.94,   346.68,   604.07
  477.16,   474.20,   356.36
  475.22,   473.44,   480.23
  473.02,   471.30,   605.69
  602.12,   225.30,   355.26
  598.61,   222.50,   480.43
  596.56,   220.66,   605.79
  602.20,   349.46,   357.76
  599.95,   348.37,   482.30
  597.90,   346.02,   607.39
  602.55,   473.82,   359.50
  601.12,   473.39,   484.68
  598.20,   471.46,   610.00
  351.44,   227.95,   474.04
  355.37,   225.67,   599.09
  359.74,   223.18,   724.01
  351.01,   352.18,   473.88
  355.31,   350.40,   599.34
  359.08,   348.15,   725.27
  350.79,   476.82,   474.54
  354.66,   475.27,   600.06
  358.37,   473.93,   727.19
  476.08,   228.56,   470.28
  480.32,   226.80,   594.94
  485.55,   225.22,   719.41
  476.18,   353.31,   470.25
  480.24,   351.69,   594.84
  484.85,   348.73,   720.32
  476.00,   477.75,   470.60
  479.62,   476.26,   596.02
  483.38,   473.72,   722.71
  600.83,   228.16,   465.43
  604.93,   226.48,   590.76
  609.98,   225.53,   716.03
  601.48,   353.57,   467.43
  605.45,   351.93,   592.17
  608.98,   349.14,   717.45
  601.48,   478.69,   468.85
  605.03,   477.19,   594.65
  607.69,   473.90,   719.91
  348.65,   223.50,   601.94
  352.27,   220.34,   726.50
  355.93,   218.35,   850.62
  346.57,   347.91,   602.48
  349.75,   345.21,   728.51
  352.25,   343.13,   853.95
  344.46,   472.80,   603.78
  347.11,   471.33,   730.85
  348.84,   469.08,   857.15
  473.35,   226.41,   598.39
  478.15,   224.50,   722.81
  481.76,   222.68,   847.01
  471.72,   351.22,   598.56
  475.86,   348.03,   723.93
  479.30,   345.73,   849.51
  469.37,   475.77,   599.80
  472.49,   472.58,   726.97
  475.99,   470.14,   852.70
  598.07,   227.93,   594.84
  602.94,   226.58,   720.11
  606.25,   225.11,   844.56
  596.94,   353.47,   596.37
  600.20,   350.08,   721.51
  603.45,   347.43,   846.54
  594.33,   478.77,   599.07
  596.76,   474.91,   724.55
  600.62,   471.27,   848.75
  350.97,   351.12,   101.49
  347.42,   348.96,   226.48
  344.35,   348.11,   350.46
  349.91,   476.53,   103.88
  345.71,   474.29,   228.65
  342.78,   472.25,   351.85
  348.68,   602.41,   105.15
  344.71,   599.73,   230.08
  341.40,   597.65,   353.21
  475.92,   351.91,   105.10
  472.08,   349.41,   229.99
  469.04,   349.32,   353.78
  475.00,   476.95,   107.37
  470.06,   474.31,   231.70
  467.61,   473.43,   354.82
  473.73,   603.95,   108.67
  470.58,   600.77,   233.05
  467.08,   598.74,   355.79
  600.27,   353.41,   108.35
  597.13,   350.74,   232.95
  594.29,   350.49,   357.35
  599.13,   478.15,   109.84
  595.17,   475.37,   234.09
  593.04,   475.40,   358.89
  598.47,   604.31,   111.30
  595.08,   602.12,   235.33
  592.34,   600.76,   359.46
  348.18,   347.94,   224.37
  349.56,   349.76,   348.31
  351.27,   351.09,   472.98
  346.69,   473.40,   223.98
  348.61,   474.40,   346.89
  350.12,   475.55,   470.85
  346.21,   599.16,   222.61
  347.64,   599.42,   346.06
  349.21,   600.48,   470.12
  473.28,   348.34,   223.03
  474.55,   350.68,   347.29
  476.50,   353.01,   471.07
  471.31,   472.99,   222.50
  473.26,   475.25,   345.58
  475.56,   477.46,   469.19
  471.83,   599.60,   221.29
  473.24,   600.54,   344.05
  474.13,   602.07,   468.50
  598.09,   349.59,   221.42
  599.85,   351.89,   345.84
  601.76,   354.19,   470.54
  596.14,   473.85,   220.10
  598.63,   476.39,   344.75
  600.95,   478.89,   470.00
  596.48,   600.70,   218.97
  598.34,   602.33,   343.05
  599.50,   603.77,   468.91
  350.59,   352.04,   351.21
  354.18,   348.75,   475.81
  357.94,   344.52,   600.73
  349.94,   476.21,   354.51
  353.64,   473.04,   478.43
  357.21,   469.27,   603.85
  349.66,   601.79,   358.01
  352.98,   598.20,   482.26
  356.14,   594.48,   608.17
  475.30,   352.25,   348.27
  479.12,   349.99,   472.21
  482.92,   345.84,   596.97
  474.94,   476.69,   351.07
  478.83,   474.26,   475.01
  482.01,   470.69,   600.44
  475.41,   601.92,   354.16
  478.17,   598.90,   478.84
  480.66,   595.34,   605.58
  600.76,   352.88,   345.20
  604.52,   350.22,   469.95
  608.11,   346.19,   595.09
  600.26,   477.60,   348.74
  604.40,   475.45,   473.76
  607.31,   471.71,   599.56
  600.53,   603.48,   351.44
  603.68,   600.08,   477.57
  605.94,   596.44,   604.19
  351.64,   352.11,   473.04
  349.62,   354.96,   598.50
  347.44,   357.55,   724.44
  353.26,   476.30,   468.74
  351.17,   480.03,   594.30
  348.82,   483.75,   721.28
  355.03,   601.37,   465.35
  352.75,   605.42,   591.25
  350.19,   609.04,   718.66
  476.70,   351.02,   475.28
  475.01,   354.08,   599.71
  473.46,   356.09,   725.06
  478.61,   475.49,   470.66
  476.11,   478.83,   596.23
  473.91,   481.04,   723.09
  480.11,   599.95,   467.48
  476.94,   603.50,   594.39
  474.06,   606.87,   721.88
  602.12,   349.29,   478.46
  600.01,   352.30,   603.19
  597.72,   354.47,   728.65
  604.22,   474.36,   474.92
  601.57,   477.85,   600.78
  598.41,   479.43,   726.14
  605.35,   599.19,   471.49
  602.32,   602.37,   598.05
  599.39,   605.00,   724.24
  350.91,   347.98,   599.32
  347.51,   347.54,   725.22
  342.95,   348.16,   851.04
  352.78,   473.20,   597.84
  348.87,   473.92,   725.21
  343.92,   473.97,   851.68
  353.94,   598.42,   598.08
  350.61,   599.61,   725.09
  346.96,   599.61,   851.21
  476.01,   347.19,   601.87
  473.64,   346.28,   727.05
  470.38,   346.50,   853.14
  477.50,   471.68,   601.14
  474.19,   470.89,   727.85
  471.11,   470.85,   853.73
  478.29,   596.56,   601.88
  474.66,   596.81,   729.50
  472.52,   596.79,   854.07
  601.02,   344.98,   606.10
  597.81,   344.11,   731.48
  594.94,   344.39,   856.47
  602.50,   470.40,   606.52
  598.32,   469.03,   731.69
  596.08,   467.69,   855.81
  603.81,   595.36,   606.94
  599.65,   594.85,   732.77
  597.51,   594.30,   855.50
  350.78,   475.25,   103.29
  352.02,   477.78,   227.84
  354.35,   481.20,   351.00
  350.09,   601.21,    99.40
  351.53,   603.49,   224.22
  353.80,   606.53,   347.61
  348.96,   726.25,    95.37
  351.48,   729.48,   220.75
  353.10,   732.30,   344.76
  476.04,   475.31,   101.17
  476.76,   477.34,   225.81
  479.12,   482.06,   348.80
  475.26,   602.03,    97.30
  477.21,   604.01,   221.76
  479.66,   607.47,   344.78
  474.91,   728.13,    92.59
  478.71,   731.57,   217.87
  479.82,   733.02,   341.61
  600.01,   476.56,    98.02
  601.30,   478.12,   222.58
  604.51,   483.10,   347.25
  600.08,   602.62,    94.55
  601.79,   605.00,   218.96
  604.42,   608.99,   342.89
  599.77,   728.09,    91.81
  603.64,   732.83,   215.27
  604.26,   735.48,   338.74
  349.38,   475.30,   225.64
  351.52,   474.68,   348.86
  353.61,   474.26,   472.76
  352.54,   601.18,   226.09
  354.25,   599.69,   349.54
  355.73,   599.18,   473.61
  355.95,   726.85,   226.65
  356.95,   725.24,   350.58
  358.15,   724.55,   475.46
  474.12,   471.58,   224.36
  476.09,   471.61,   347.30
  478.61,   472.33,   471.03
  478.11,   597.78,   224.25
  480.09,   597.04,   347.45
  481.27,   597.00,   472.11
  483.02,   725.52,   224.42
  483.71,   722.89,   348.24
  483.41,   721.11,   474.11
  598.87,   468.77,   221.70
  601.69,   469.60,   346.47
  604.39,   470.57,   471.46
  602.68,   595.63,   221.59
  604.69,   595.40,   345.99
  606.25,   595.42,   472.11
  607.90,   723.47,   222.04
  607.89,   721.86,   345.77
  608.13,   719.86,   472.22
  350.51,   476.22,   347.59
  351.95,   476.90,   471.40
  353.30,   476.74,   597.04
  348.04,   601.41,   347.35
  348.98,   601.77,   471.69
  349.88,   602.38,   597.57
  344.56,   727.10,   347.96
  345.12,   727.01,   472.34
  346.34,   727.48,   598.42
  475.74,   479.01,   346.57
  477.19,   480.47,   470.45
  478.23,   480.70,   595.92
  473.63,   604.42,   345.99
  473.81,   605.31,   470.29
  473.96,   605.63,   597.20
  471.36,   730.27,   346.10
  470.49,   729.30,   471.64
  470.36,   729.28,   599.31
  600.74,   482.44,   346.15
  603.03,   484.33,   471.22
  603.31,   484.67,   597.15
  598.44,   608.24,   345.14
  599.39,   608.95,   470.94
  599.34,   609.16,   597.99
  596.29,   734.75,   344.36
  595.32,   733.19,   470.42
  595.72,   732.90,   598.41
  351.48,   476.26,   472.90
  349.42,   475.19,   598.52
  346.35,   473.72,   725.81
  350.63,   601.56,   474.20
  348.23,   600.56,   600.13
  345.38,   599.44,   727.61
  349.56,   726.93,   476.51
  347.43,   725.73,   602.77
  345.58,   724.42,   729.11
  476.62,   477.85,   474.91
  474.24,   476.23,   600.47
  471.69,   473.74,   727.24
  475.86,   602.32,   476.59
  472.65,   601.02,   603.34
  469.56,   599.70,   730.96
  474.99,   726.66,   479.15
  471.22,   725.32,   606.92
  469.03,   724.10,   734.11
  602.39,   479.10,   479.55
  599.42,   477.36,   604.95
  596.37,   474.26,   730.33
  601.21,   603.57,   480.89
  597.86,   602.12,   607.63
  594.83,   600.02,   733.33
  599.76,   727.79,   481.78
  596.44,   726.38,   609.57
  594.74,   725.43,   737.01
  350.54,   475.56,   599.10
  348.66,   475.69,   726.65
  345.78,   474.82,   852.92
  348.12,   601.05,   600.12
  346.57,   601.38,   727.22
  344.91,   600.46,   853.40
  346.19,   726.13,   601.24
  345.61,   725.86,   728.06
  344.83,   725.13,   853.17
  475.63,   477.96,   600.12
  474.33,   476.58,   726.97
  472.96,   475.52,   853.10
  472.37,   602.92,   601.97
  470.89,   602.38,   729.49
  470.39,   601.58,   853.88
  469.84,   727.01,   604.36
  469.00,   727.06,   731.89
  469.32,   727.27,   854.79
  600.43,   480.62,   603.59
  598.60,   478.25,   729.26
  597.93,   476.41,   853.26
  597.75,   605.11,   605.00
  596.07,   604.16,   730.87
  595.46,   602.68,   853.62
  595.27,   728.95,   605.77
  594.85,   729.40,   733.02
  593.61,   730.36,   855.04
  348.73,   599.66,   102.75
  348.56,   601.01,   227.41
  348.89,   602.32,   350.66
  351.48,   725.06,    99.73
  352.31,   726.84,   225.22
  351.83,   727.99,   349.28
  354.64,   849.08,    97.91
  355.08,   851.65,   222.32
  353.90,   853.39,   347.70
  474.18,   597.12,   102.48
  474.24,   597.77,   226.94
  475.00,   599.83,   349.78
  477.39,   723.51,    99.04
  479.26,   725.24,   224.01
  478.51,   725.36,   347.92
  479.62,   847.19,    97.61
  481.92,   850.64,   222.05
  480.17,   851.45,   346.39
  598.76,   593.97,   101.31
  598.74,   595.10,   225.47
  599.65,   597.76,   350.02
  602.06,   719.82,    99.62
  604.07,   723.05,   222.98
  603.02,   724.03,   347.07
  604.31,   843.50,    98.84
  606.56,   848.06,   221.76
  604.54,   849.78,   344.61
  351.01,   598.64,   224.38
  350.68,   597.47,   347.75
  350.48,   596.81,   471.92
  354.84,   724.60,   225.05
  353.78,   722.89,   348.87
  353.21,   722.01,   473.89
  358.41,   849.49,   225.16
  356.22,   847.92,   350.48
  355.36,   846.46,   475.72
  476.49,   594.82,   224.41
  476.61,   594.30,   347.32
  475.97,   594.02,   471.94
  481.95,   722.37,   224.46
  480.58,   719.78,   348.54
  478.37,   718.09,   474.08
  485.15,   847.95,   225.18
  482.98,   845.80,   349.53
  480.86,   843.13,   475.34
  601.13,   592.16,   223.71
  601.35,   592.06,   347.99
  601.05,   591.67,   473.62
  606.67,   720.10,   223.76
  605.14,   718.23,   347.65
  603.46,   716.01,   474.14
  609.90,   844.95,   225.43
  606.89,   843.96,   348.19
  605.30,   841.43,   473.84
  348.46,   601.37,   348.36
  346.38,   597.90,   472.35
  343.94,   594.80,   598.33
  349.83,   727.00,   352.25
  347.34,   722.97,   477.16
  345.23,   719.83,   603.17
  350.56,   851.82,   356.39
  347.67,   847.62,   481.61
  346.46,   843.84,   607.21
  474.16,   599.74,   349.99
  471.23,   596.71,   474.25
  468.22,   593.28,   601.05
  476.56,   725.00,   353.66
  472.63,   720.53,   479.29
  469.23,   717.45,   606.89
  477.15,   851.37,   357.82
  473.30,   845.69,   483.30
  471.45,   841.04,   610.43
  598.98,   598.97,   352.28
  596.62,   595.87,   478.12
  593.52,   592.06,   604.62
  601.18,   724.92,   355.16
  597.18,   719.95,   481.40
  594.37,   716.08,   609.17
  601.53,   850.47,   358.26
  597.64,   845.09,   484.09
  596.43,   840.31,   612.27
  351.17,   601.61,   471.85
  353.50,   604.94,   597.75
  355.82,   608.47,   725.23
  352.52,   726.66,   469.84
  355.22,   729.97,   595.82
  358.28,   733.06,   722.80
  353.28,   851.52,   467.77
  356.42,   853.91,   593.22
  359.87,   856.78,   719.34
  476.53,   600.02,   469.35
  477.96,   603.01,   596.03
  480.07,   606.00,   723.88
  477.98,   723.98,   467.64
  478.96,   727.17,   595.09
  481.99,   730.45,   722.82
  478.93,   849.29,   464.64
  481.58,   851.02,   591.55
  485.21,   853.83,   719.59
  601.78,   598.94,   468.47
  603.44,   601.92,   595.16
  605.30,   603.99,   721.18
  602.80,   723.29,   464.69
  604.42,   725.67,   592.51
  607.76,   729.34,   719.87
  603.28,   848.57,   460.90
  606.58,   850.01,   588.61
  611.39,   852.89,   716.86
  351.39,   602.19,   598.76
  354.30,   600.33,   726.17
  357.72,   597.31,   852.22
  347.87,   727.55,   602.52
  352.20,   724.72,   729.25
  356.24,   721.73,   854.46
  344.09,   851.25,   605.94
  348.71,   848.94,   731.56
  352.57,   846.44,   856.84
  475.63,   605.59,   596.08
  478.40,   602.94,   723.56
  483.01,   599.53,   848.07
  471.54,   729.34,   600.98
  475.54,   727.21,   728.12
  480.40,   725.42,   851.62
  469.21,   853.17,   603.22
  474.08,   850.64,   730.89
  476.90,   849.20,   854.95
  600.63,   609.46,   594.11
  603.61,   606.11,   720.38
  608.06,   602.32,   843.12
  597.03,   732.89,   597.65
  601.21,   731.30,   724.77
  604.88,   729.74,   847.01
  594.46,   857.18,   599.11
  600.16,   854.64,   727.44
  602.07,   853.25,   851.00
  475.69,   101.42,    98.83
  477.99,   106.04,   224.89
  478.90,   107.57,   349.93
  474.07,   226.31,    96.66
  477.52,   229.90,   221.77
  479.05,   233.73,   346.45
  474.12,   350.57,    93.98
  475.82,   352.78,   218.88
  477.94,   357.59,   342.61
  601.15,   101.57,    97.18
  604.23,   106.78,   222.68
  604.39,   108.99,   347.14
  600.09,   225.76,    95.37
  603.17,   230.43,   219.40
  604.33,   233.78,   343.54
  598.66,   350.57,    92.00
  600.75,   352.83,   216.11
  603.44,   357.80,   340.59
  726.10,   100.97,    97.07
  729.09,   106.24,   221.43
  730.01,   109.76,   344.37
  724.51,   226.38,    94.95
  727.49,   231.03,   217.68
  729.50,   233.53,   340.45
  723.42,   351.61,    89.50
  725.49,   354.04,   213.42
  728.82,   357.72,   338.43
  475.81,   100.20,   224.19
  474.81,    98.80,   348.88
  474.10,    98.17,   474.00
  474.77,   224.24,   223.75
  474.29,   225.12,   348.70
  473.52,   225.91,   473.86
  472.97,   347.17,   223.84
  472.80,   349.12,   347.97
  473.19,   350.76,   471.97
  602.06,   101.51,   224.29
  599.76,   100.52,   348.64
  599.10,    99.58,   473.63
  600.53,   225.36,   223.83
  599.88,   225.61,   347.94
  598.43,   225.59,   472.92
  597.88,   347.83,   223.23
  598.42,   349.70,   347.96
  598.75,   351.38,   472.61
  727.16,   101.40,   224.86
  725.60,   102.41,   348.27
  724.91,   102.02,   472.82
  725.38,   226.42,   223.95
  724.48,   225.56,   347.17
  723.99,   224.38,   471.30
  722.48,   349.52,   222.55
  723.78,   350.05,   347.78
  724.22,   350.87,   473.41
  476.59,    99.87,   350.68
  475.14,   100.12,   475.84
  473.98,   103.55,   601.49
  476.13,   226.34,   349.30
  473.98,   228.38,   474.47
  473.37,   229.71,   599.43
  474.00,   350.05,   347.36
  473.15,   352.83,   471.36
  472.76,   354.38,   595.99
  602.12,   102.03,   351.72
  599.81,   102.49,   476.86
  599.26,   104.95,   602.24
  601.14,   227.40,   349.95
  598.86,   228.39,   474.96
  597.92,   229.91,   600.05
  599.10,   351.53,   348.48
  598.40,   354.29,   473.33
  597.61,   355.58,   598.40
  727.77,   104.52,   352.34
  725.60,   105.28,   477.13
  724.85,   106.22,   602.69
  726.02,   228.09,   349.91
  724.38,   227.89,   474.61
  723.15,   229.74,   601.00
  724.64,   352.49,   349.74
  723.99,   354.32,   475.63
  722.63,   355.13,   601.43
  474.32,    97.00,   473.27
  475.96,   102.69,   598.67
  478.69,   107.67,   723.92
  475.62,   225.08,   469.90
  477.54,   228.53,   594.70
  480.57,   231.75,   719.08
  477.42,   349.79,   464.68
  479.56,   353.26,   589.36
  481.78,   355.74,   714.75
  599.35,    96.72,   471.79
  601.21,   101.25,   596.90
  603.71,   106.70,   722.26
  600.67,   222.86,   467.65
  602.33,   226.38,   592.86
  605.31,   230.49,   718.20
  602.90,   348.48,   463.97
  604.64,   351.76,   589.14
  605.96,   354.26,   714.20
  724.83,    97.67,   469.54
  726.98,   100.51,   595.19
  728.25,   103.86,   720.28
  726.09,   219.89,   464.47
  727.59,   223.39,   590.92
  728.53,   228.39,   718.32
  727.95,   345.90,   463.36
  729.63,   349.30,   589.50
  729.96,   352.19,   715.02
  475.57,   101.59,   601.48
  477.21,   104.49,   726.69
  478.11,   106.64,   851.03
  476.58,   227.50,   599.76
  478.67,   228.56,   724.07
  479.15,   230.00,   848.57
  477.61,   352.30,   596.53
  478.98,   352.29,   722.18
  479.13,   353.20,   847.78
  601.01,   100.90,   600.94
  602.60,   104.21,   726.25
  602.87,   106.99,   850.18
  601.64,   226.28,   599.20
  603.13,   228.06,   724.44
  603.66,   229.94,   848.99
  602.66,   351.73,   597.43
  602.97,   351.56,   722.67
  604.01,   352.18,   847.84
  726.81,   100.95,   600.41
  726.95,   101.96,   725.54
  726.40,   105.06,   849.68
  726.45,   224.03,   598.47
  726.49,   226.80,   726.01
  726.67,   230.05,   851.09
  727.98,   349.81,   599.06
  727.18,   350.53,   724.60
  726.52,   351.64,   848.49
  474.57,   226.15,    99.72
  474.85,   223.98,   224.87
  473.16,   221.66,   349.67
  472.79,   349.98,   103.30
  471.49,   346.61,   227.94
  470.64,   345.60,   351.82
  471.66,   475.19,   106.17
  469.39,   471.34,   230.67
  468.67,   470.15,   353.82
  600.71,   227.43,   101.59
  600.35,   226.05,   225.70
  598.43,   223.57,   349.92
  597.55,   351.98,   104.10
  596.38,   348.32,   228.65
  596.28,   347.61,   352.88
  595.82,   476.99,   106.25
  594.13,   472.96,   230.88
  594.32,   472.09,   355.41
  725.20,   229.44,   104.37
  725.07,   228.45,   227.28
  723.37,   224.57,   350.06
  722.01,   354.27,   104.50
  721.54,   351.12,   228.91
  721.53,   349.07,   353.86
  719.76,   479.18,   105.55
  719.00,   475.55,   230.47
  719.61,   474.51,   357.35
  475.58,   224.58,   226.32
  478.54,   223.28,   351.37
  480.89,   221.73,   476.61
  472.78,   347.64,   228.96
  476.07,   347.07,   352.80
  479.70,   346.50,   476.87
  470.52,   472.62,   231.06
  474.47,   471.44,   354.08
  478.66,   470.82,   477.74
  601.47,   227.18,   223.24
  603.82,   224.93,   347.47
  606.09,   222.30,   471.97
  597.58,   349.03,   225.38
  601.38,   348.81,   349.79
  605.14,   348.17,   474.55
  595.45,   473.45,   227.13
  599.82,   473.62,   351.69
  604.33,   473.14,   476.79
  725.82,   228.68,   220.37
  728.69,   226.03,   343.12
  731.54,   222.00,   467.08
  722.51,   351.74,   221.37
  726.77,   350.08,   346.55
  730.53,   348.38,   472.13
  720.28,   476.09,   222.13
  725.06,   475.60,   349.17
  729.49,   474.56,   475.94
  476.33,   227.97,   348.73
  478.07,   226.70,   473.70
  481.07,   225.21,   598.50
  476.58,   351.52,   349.44
  479.85,   351.55,   473.86
  483.29,   349.95,   598.43
  477.94,   476.31,   350.35
  481.31,   476.11,   474.03
  484.16,   474.69,   599.31
  601.49,   226.39,   345.32
  602.88,   224.50,   470.28
  605.89,   223.09,   595.48
  602.27,   350.50,   346.91
  605.20,   350.09,   471.73
  608.29,   348.32,   596.88
  603.13,   475.04,   348.30
  606.86,   475.21,   473.27
  609.17,   473.74,   598.90
  726.28,   224.42,   341.85
  728.67,   221.30,   465.83
  731.26,   220.17,   592.46
  727.20,   348.92,   344.38
  730.42,   347.56,   469.80
  733.19,   345.86,   595.92
  728.52,   474.37,   346.26
  732.43,   473.67,   473.34
  734.85,   471.32,   598.64
  473.15,   224.78,   477.39
  470.62,   227.01,   602.20
  468.92,   228.73,   726.32
  474.46,   349.52,   473.46
  472.06,   351.60,   598.18
  469.83,   352.48,   723.59
  475.62,   473.85,   469.98
  472.78,   476.48,   595.44
  469.33,   477.22,   722.50
  597.99,   222.95,   479.60
  595.20,   225.42,   604.86
  593.67,   228.11,   730.00
  599.72,   348.80,   477.44
  597.13,   350.73,   602.48
  594.09,   351.38,   727.42
  601.12,   473.49,   475.37
  597.89,   476.12,   600.97
  593.96,   476.30,   726.34
  723.61,   220.38,   480.94
  720.10,   222.98,   607.64
  716.95,   226.51,   734.87
  724.96,   346.46,   481.23
  721.84,   348.49,   607.18
  718.03,   349.96,   732.50
  726.75,   472.67,   481.02
  723.11,   474.24,   606.35
  718.53,   475.03,   730.35
  474.93,   227.82,   600.32
  475.49,   230.30,   724.93
  475.25,   233.51,   849.29
  474.91,   352.59,   595.74
  475.08,   353.85,   721.00
  474.47,   356.41,   847.14
  474.13,   476.96,   592.18
  473.04,   478.80,   719.10
  472.68,   481.29,   845.52
  599.72,   227.43,   600.98
  600.11,   230.71,   726.00
  599.68,   234.12,   850.53
  599.70,   352.68,   597.68
  599.29,   354.30,   722.90
  599.10,   356.59,   847.71
  599.32,   477.99,   595.30
  597.58,   479.29,   720.71
  597.45,   480.47,   844.89
  724.84,   226.40,   601.55
  723.82,   230.58,   728.57
  722.55,   235.26,   853.73
  725.03,   351.97,   600.38
  723.30,   354.06,   725.56
  721.68,   356.98,   849.60
  724.81,   477.82,   598.41
  722.34,   479.62,   722.37
  721.13,   481.71,   845.68
  474.71,   348.76,   101.12
  472.43,   347.07,   226.01
  470.27,   347.68,   349.70
  478.82,   473.73,   101.97
  475.46,   471.82,   226.85
  474.08,   471.93,   350.14
  482.80,   600.35,   102.62
  480.66,   598.06,   227.18
  478.72,   597.51,   350.10
  599.27,   345.14,   103.36
  597.17,   343.53,   227.34
  595.92,   344.32,   352.05
  602.75,   470.00,   103.23
  600.08,   467.71,   228.10
  599.33,   468.87,   352.86
  607.15,   596.14,   104.15
  605.13,   594.31,   228.43
  603.52,   594.51,   352.79
  723.54,   342.37,   104.66
  722.15,   340.79,   228.84
  721.10,   340.33,   353.97
  726.93,   466.97,   103.80
  725.20,   465.16,   228.58
  724.79,   465.55,   355.72
  731.72,   591.58,   104.87
  729.08,   591.78,   229.17
  728.00,   592.58,   355.64
  473.89,   349.60,   224.78
  475.68,   348.92,   348.89
  478.10,   348.17,   473.13
  474.95,   474.40,   227.29
  477.43,   473.14,   350.66
  480.35,   472.48,   474.36
  478.35,   600.91,   228.91
  480.34,   598.60,   351.95
  481.78,   596.98,   476.75
  598.78,   347.87,   222.54
  601.29,   347.24,   347.13
  603.86,   346.05,   471.63
  599.74,   472.18,   224.63
  602.95,   471.95,   349.16
  605.97,   471.28,   474.43
  602.78,   599.18,   226.01
  605.20,   597.76,   350.32
  607.07,   596.21,   476.33
  723.31,   347.14,   219.91
  726.53,   345.19,   344.71
  728.96,   343.07,   470.53
  724.50,   471.84,   220.81
  728.25,   471.07,   347.88
  731.40,   469.38,   474.84
  726.97,   598.12,   222.96
  729.84,   597.70,   349.44
  732.62,   595.20,   476.62
  474.98,   348.56,   348.10
  476.10,   350.89,   472.33
  477.82,   351.38,   596.91
  476.77,   472.98,   346.77
  478.24,   474.92,   470.20
  479.35,   476.16,   595.86
  479.46,   598.48,   345.10
  480.18,   599.67,   469.62
  480.04,   600.94,   596.50
  600.49,   346.66,   347.51
  601.54,   348.67,   472.14
  602.76,   349.33,   597.22
  601.75,   471.46,   346.64
  604.01,   473.63,   471.49
  604.44,   474.60,   597.33
  604.61,   597.15,   344.55
  605.26,   598.70,   470.57
  605.39,   599.52,   597.34
  725.57,   344.56,   346.51
  726.99,   345.85,   472.24
  727.74,   346.24,   598.00
  727.38,   470.27,   346.18
  729.26,   471.94,   473.19
  730.12,   471.84,   598.74
  729.18,   596.81,   344.71
  730.80,   597.74,   471.84
  731.82,   597.46,   597.78
  474.59,   352.96,   474.76
  474.73,   354.61,   599.72
  474.72,   354.82,   725.03
  477.94,   477.27,   472.01
  477.10,   479.04,   597.26
  476.33,   479.60,   724.43
  481.14,   601.62,   470.28
  479.29,   603.97,   597.27
  477.89,   605.34,   724.92
  600.13,   349.79,   476.38
  599.71,   351.35,   601.46
  598.97,   351.76,   726.83
  603.59,   474.83,   474.93
  602.48,   476.62,   600.51
  600.79,   476.49,   725.88
  606.33,   599.47,   472.75
  604.64,   601.19,   599.84
  603.20,   602.24,   725.68
  725.38,   345.57,   478.09
  724.54,   346.96,   604.37
  722.55,   348.04,   729.70
  729.09,   471.70,   478.49
  728.10,   472.61,   603.67
  725.55,   473.09,   727.75
  731.71,   597.61,   476.16
  730.75,   598.46,   601.98
  729.21,   599.67,   726.17
  475.30,   349.16,   599.63
  478.78,   349.50,   724.99
  481.84,   351.00,   850.95
  472.00,   473.75,   597.59
  474.50,   474.23,   724.08
  477.41,   475.19,   850.32
  467.41,   598.66,   597.25
  469.76,   600.09,   724.76
  473.32,   601.45,   849.46
  600.45,   352.35,   597.95
  603.22,   352.80,   723.09
  606.08,   353.67,   848.37
  596.85,   477.57,   596.99
  598.61,   477.67,   722.52
  602.08,   477.63,   846.56
  592.59,   602.46,   596.13
  594.68,   603.38,   722.28
  598.17,   604.15,   845.33
  725.44,   354.06,   597.30
  727.06,   355.25,   722.55
  728.71,   356.65,   846.76
  722.63,   480.01,   596.79
  723.76,   480.67,   720.67
  725.66,   481.54,   844.01
  719.02,   605.70,   595.06
  721.24,   606.72,   719.16
  723.07,   608.65,   841.38
  473.32,   472.68,   102.12
  473.07,   467.69,   226.70
  475.07,   465.17,   349.82
  471.90,   599.21,   105.53
  472.96,   594.07,   229.98
  474.15,   590.66,   352.76
  471.44,   725.42,   107.93
  473.86,   721.32,   232.73
  473.60,   716.03,   356.83
  597.64,   474.59,    99.90
  597.90,   469.10,   224.68
  600.42,   467.17,   349.26
  596.73,   600.55,   103.61
  597.59,   595.79,   227.80
  599.56,   592.66,   352.06
  596.07,   726.50,   107.40
  598.78,   723.79,   230.82
  598.35,   718.79,   354.93
  721.95,   476.75,    97.67
  722.85,   471.93,   222.02
  725.66,   469.50,   349.07
  721.31,   601.34,   101.57
  721.83,   598.38,   225.22
  723.89,   596.40,   351.75
  720.73,   726.18,   107.45
  720.90,   725.06,   230.72
  721.47,   722.45,   354.09
  474.88,   474.94,   224.78
  473.11,   472.26,   347.81
  471.49,   470.18,   471.63
  475.57,   601.52,   227.93
  473.40,   597.74,   350.74
  470.61,   594.61,   475.23
  477.12,   728.63,   230.60
  473.29,   723.28,   354.49
  469.07,   719.03,   480.08
  599.82,   475.21,   226.11
  598.41,   473.38,   350.95
  597.31,   471.63,   475.81
  600.56,   602.13,   229.14
  598.58,   599.36,   353.65
  595.86,   596.29,   479.12
  601.97,   730.21,   232.23
  598.21,   725.34,   356.42
  594.00,   720.45,   482.72
  724.73,   477.24,   227.16
  723.76,   475.25,   354.27
  722.42,   472.13,   480.78
  724.36,   603.92,   230.66
  723.06,   601.63,   357.06
  721.12,   597.84,   483.89
  724.08,   730.80,   235.82
  721.26,   727.62,   359.01
  719.29,   723.26,   485.15
  474.91,   474.96,   349.65
  472.55,   472.59,   473.32
  470.08,   469.21,   598.73
  477.74,   600.63,   352.61
  474.30,   597.52,   477.39
  470.72,   593.86,   604.00
  480.65,   725.83,   356.60
  475.67,   721.62,   482.26
  471.30,   717.87,   609.83
  600.27,   473.50,   353.55
  598.51,   471.75,   478.46
  594.85,   467.72,   603.62
  602.86,   599.54,   356.05
  599.77,   596.20,   482.14
  595.59,   592.55,   608.68
  605.05,   725.32,   358.95
  600.47,   720.62,   485.46
  596.91,   716.67,   613.34
  725.89,   472.73,   357.43
  724.00,   469.73,   484.15
  720.49,   465.27,   609.12
  727.20,   599.17,   360.39
  725.21,   595.42,   487.07
  721.86,   590.97,   612.94
  727.95,   725.34,   362.51
  725.46,   720.62,   488.48
  723.43,   715.90,   615.36
  476.46,   476.11,   473.13
  475.67,   477.44,   598.42
  474.73,   477.65,   725.42
  472.77,   600.73,   471.70
  471.23,   602.36,   598.83
  469.69,   603.36,   726.31
  468.84,   724.77,   471.68
  466.96,   726.20,   599.43
  466.49,   727.85,   726.81
  602.00,   480.27,   475.86
  600.83,   481.82,   601.80
  599.20,   481.24,   727.03
  598.09,   604.78,   474.42
  596.35,   606.21,   601.12
  594.82,   606.98,   727.24
  593.85,   729.09,   472.25
  592.28,   730.06,   600.54
  591.94,   732.11,   727.93
  727.43,   483.66,   479.47
  726.41,   484.39,   604.77
  723.82,   484.50,   728.69
  723.40,   609.46,   477.06
  722.59,   609.87,   603.10
  721.42,   610.98,   727.61
  718.46,   734.78,   473.19
  718.52,   734.94,   600.24
  719.05,   736.82,   726.10
  474.66,   476.34,   596.65
  478.58,   474.32,   723.27
  482.52,   473.19,   849.30
  475.43,   600.89,   598.38
  478.39,   600.38,   725.92
  483.21,   599.19,   850.52
  476.21,   724.94,   601.19
  480.11,   724.94,   728.40
  485.03,   725.04,   851.61
  599.89,   475.33,   595.29
  602.89,   472.79,   720.49
  607.14,   470.42,   844.65
  600.80,   599.85,   596.58
  603.74,   598.55,   722.62
  608.07,   597.12,   845.39
  601.67,   723.78,   597.71
  605.71,   724.09,   724.99
  609.57,   724.56,   846.83
  725.58,   472.59,   594.16
  727.48,   470.67,   718.15
  730.15,   469.76,   841.13
  727.01,   598.40,   594.30
  730.06,   597.50,   718.68
  733.02,   596.86,   840.84
  728.24,   723.51,   592.78
  733.18,   723.11,   718.35
  735.47,   724.15,   841.55
  474.00,   602.80,   102.38
  474.94,   604.78,   226.74
  476.17,   608.32,   349.75
  471.66,   728.71,    97.73
  474.27,   732.14,   222.43
  473.71,   734.18,   346.54
  468.13,   852.30,    94.68
  471.17,   857.18,   219.13
  469.90,   860.07,   343.58
  598.98,   605.17,   100.69
  599.62,   608.18,   224.68
  600.83,   612.24,   349.16
  596.71,   730.95,    97.67
  599.12,   735.99,   221.04
  598.54,   738.18,   344.85
  592.71,   854.04,    95.25
  595.78,   860.18,   218.57
  594.13,   863.59,   341.37
  723.43,   607.56,    98.91
  723.53,   611.71,   222.69
  725.22,   616.94,   348.75
  721.57,   731.49,    97.60
  721.38,   738.33,   221.19
  721.06,   742.55,   343.99
  718.09,   855.33,    94.98
  718.65,   862.45,   218.79
  717.49,   865.80,   340.26
  476.91,   600.66,   224.83
  476.94,   598.12,   347.65
  476.49,   596.00,   472.18
  478.26,   727.96,   226.59
  476.80,   723.53,   350.49
  475.03,   719.95,   476.38
  477.34,   853.34,   229.37
  474.90,   849.76,   353.51
  473.07,   845.21,   479.41
  601.78,   601.67,   223.85
  602.00,   599.70,   348.11
  602.12,   597.83,   474.20
  603.19,   729.73,   225.92
  601.81,   725.84,   349.71
  599.80,   722.29,   476.32
  601.90,   854.45,   229.55
  599.43,   851.40,   352.39
  597.60,   847.34,   477.80
  725.86,   603.82,   222.57
  726.58,   602.94,   349.21
  727.33,   599.97,   476.32
  725.20,   730.29,   226.96
  724.39,   728.59,   350.37
  724.72,   725.14,   476.30
  724.49,   854.82,   230.93
  722.16,   852.00,   352.24
  722.21,   849.10,   477.43
  475.65,   599.40,   347.28
  475.94,   598.62,   471.91
  475.87,   598.02,   598.66
  474.95,   725.07,   348.42
  473.76,   723.06,   473.91
  473.53,   721.84,   601.52
  472.64,   850.72,   349.81
  471.32,   848.11,   475.70
  472.62,   845.88,   602.53
  600.82,   601.61,   346.73
  601.49,   601.23,   472.50
  601.37,   600.30,   599.22
  599.73,   727.91,   346.70
  598.66,   725.65,   472.83
  598.89,   724.07,   600.81
  596.74,   853.26,   347.68
  596.07,   850.90,   473.04
  597.56,   848.33,   601.25
  724.93,   605.23,   346.75
  726.72,   604.08,   473.61
  727.61,   602.14,   599.97
  722.44,   731.12,   346.32
  723.83,   729.17,   472.20
  725.67,   727.29,   599.11
  719.86,   854.39,   347.01
  720.20,   852.84,   471.56
  722.81,   851.50,   598.79
  474.44,   599.34,   474.20
  477.10,   600.39,   601.00
  479.99,   600.92,   728.67
  470.56,   723.50,   474.79
  472.81,   724.20,   602.45
  476.59,   725.18,   729.83
  466.25,   848.64,   474.74
  469.99,   848.19,   601.72
  474.95,   848.54,   729.33
  599.57,   603.58,   472.31
  602.39,   604.25,   598.94
  605.23,   604.19,   724.88
  595.13,   727.67,   471.04
  598.10,   728.01,   598.91
  602.56,   729.43,   726.25
  590.70,   853.32,   469.52
  595.17,   852.19,   597.58
  600.70,   852.79,   725.65
  724.94,   608.24,   470.57
  728.52,   607.96,   596.78
  731.83,   608.32,   720.74
  719.80,   733.51,   467.33
  724.61,   732.80,   594.23
  729.38,   734.11,   720.07
  714.88,   857.22,   465.24
  720.13,   857.41,   592.35
  725.92,   857.93,   719.34
  475.74,   602.15,   600.33
  473.42,   599.60,   727.86
  472.79,   596.21,   852.30
  474.91,   726.20,   604.77
  473.65,   724.01,   732.26
  473.15,   722.21,   855.17
  475.64,   849.71,   606.82
  475.21,   847.47,   734.90
  472.80,   846.53,   858.63
  600.85,   602.47,   603.91
  598.54,   599.18,   729.57
  597.88,   595.69,   852.41
  600.52,   726.48,   606.66
  599.32,   724.70,   733.85
  597.49,   723.14,   855.61
  601.09,   850.64,   608.50
  601.35,   848.14,   736.58
  597.70,   847.19,   859.54
  727.16,   602.75,   606.56
  725.05,   599.84,   730.96
  722.70,   596.95,   852.85
  726.99,   727.74,   607.37
  726.40,   725.85,   732.97
  723.21,   724.62,   855.74
  726.48,   852.25,   608.57
  726.90,   849.68,   735.49
  723.75,   849.20,   860.53
  600.66,    99.20,    98.34
  602.90,    99.77,   224.19
  602.44,    97.59,   348.54
  601.03,   223.54,   100.57
  603.40,   224.25,   225.18
  604.17,   222.99,   349.03
  601.03,   348.00,   101.63
  602.75,   346.34,   226.14
  605.15,   346.67,   350.50
  725.35,    97.21,    98.46
  727.78,    97.70,   222.79
  728.29,    97.14,   346.44
  725.81,   222.62,   101.04
  728.02,   222.88,   223.53
  729.10,   220.95,   346.47
  725.83,   347.59,    99.72
  727.56,   345.71,   223.59
  730.24,   344.90,   348.56
  849.52,    95.57,    98.37
  851.31,    95.06,   222.03
  852.52,    95.84,   345.11
  850.08,   221.81,   100.24
  851.61,   220.47,   221.95
  853.32,   218.58,   344.29
  851.50,   347.33,    96.80
  852.57,   345.07,   220.92
  854.37,   342.70,   346.24
  600.43,   102.81,   224.04
  595.53,   104.76,   348.47
  591.58,   106.16,   473.38
  601.31,   227.04,   221.09
  597.56,   230.02,   345.19
  593.48,   232.71,   470.16
  600.90,   349.12,   218.09
  598.76,   353.60,   342.46
  595.94,   358.25,   467.05
  725.30,   100.85,   227.68
  721.21,   104.28,   350.78
  717.34,   106.02,   475.50
  725.90,   225.75,   224.15
  722.34,   227.77,   347.34
  718.87,   229.22,   471.64
  725.81,   348.74,   220.48
  723.88,   351.95,   345.37
  721.27,   355.16,   470.92
  848.72,    97.76,   231.01
  845.47,   102.23,   354.12
  842.15,   105.56,   478.71
  849.39,   223.11,   227.10
  846.54,   225.05,   349.66
  843.97,   226.94,   474.26
  850.65,   347.54,   222.27
  848.15,   349.69,   347.74
  845.54,   352.27,   474.00
  600.37,   100.70,   351.12
  599.36,   100.16,   476.18
  599.72,   102.07,   601.70
  600.81,   226.21,   350.20
  599.36,   226.34,   474.78
  599.59,   227.18,   600.32
  599.92,   350.09,   349.39
  600.07,   352.07,   474.22
  600.16,   352.53,   599.11
  726.15,   101.92,   351.02
  725.18,   102.09,   475.83
  725.39,   102.32,   601.33
  725.55,   225.37,   349.29
  725.04,   224.93,   473.40
  724.77,   225.69,   600.12
  725.02,   350.06,   349.59
  725.32,   351.25,   475.38
  725.40,   351.33,   601.17
  850.68,   102.18,   351.46
  850.23,   103.21,   475.92
  850.26,   102.83,   602.02
  849.46,   224.65,   348.76
  849.90,   224.78,   473.46
  849.63,   225.58,   600.70
  849.17,   349.34,   349.24
  849.76,   350.09,   475.24
  849.79,   350.47,   601.59
  600.20,    97.70,   476.66
  604.01,    97.63,   602.09
  608.59,    98.25,   727.27
  603.21,   223.67,   477.02
  606.95,   222.70,   602.16
  612.01,   221.96,   727.86
  607.20,   349.29,   478.36
  611.12,   347.93,   603.11
  614.18,   345.74,   728.45
  725.97,    96.66,   472.74
  729.47,    95.34,   598.47
  733.06,    93.41,   723.06
  728.99,   219.00,   472.16
  732.18,   217.78,   598.61
  735.16,   218.17,   726.07
  732.58,   345.16,   475.64
  735.96,   343.32,   601.76
  738.19,   342.05,   727.18
  851.06,    94.73,   469.53
  854.68,    92.74,   595.50
  857.22,    89.60,   719.88
  853.86,   215.98,   468.59
  856.90,   214.80,   595.54
  858.57,   215.05,   723.00
  856.50,   340.73,   471.69
  860.31,   339.49,   598.14
  862.17,   339.14,   722.90
  598.86,   101.12,   599.00
  603.41,   101.90,   724.29
  606.93,   102.11,   848.45
  598.11,   226.27,   599.83
  603.18,   225.65,   724.82
  607.03,   225.20,   849.70
  598.37,   351.78,   600.94
  602.12,   349.23,   725.98
  605.87,   347.42,   851.11
  724.52,   102.00,   595.31
  728.01,   100.95,   720.50
  730.30,   100.78,   844.32
  723.48,   225.26,   595.88
  726.58,   225.60,   723.21
  729.71,   225.94,   848.73
  723.44,   351.21,   599.28
  726.21,   349.07,   724.60
  728.41,   347.98,   848.75
  849.34,   103.33,   592.21
  852.24,   100.10,   716.87
  854.54,    99.64,   841.93
  848.39,   225.49,   593.02
  850.05,   225.97,   720.31
  852.65,   227.00,   845.30
  847.96,   350.47,   595.70
  850.47,   349.43,   720.61
  852.14,   349.40,   843.89
  600.83,   225.03,   102.40
  601.00,   223.56,   226.73
  599.36,   220.42,   350.95
  601.27,   349.23,   105.27
  600.49,   345.93,   229.93
  600.51,   344.55,   354.36
  603.40,   474.25,   107.59
  601.88,   470.35,   232.23
  602.01,   469.33,   356.80
  725.75,   223.52,   105.40
  725.75,   221.93,   228.05
  724.07,   217.84,   350.74
  725.81,   348.15,   105.61
  725.44,   344.96,   230.07
  725.57,   342.34,   354.99
  727.55,   472.84,   106.92
  726.69,   469.36,   231.41
  727.72,   467.88,   358.80
  849.62,   222.11,   107.00
  849.01,   218.99,   228.88
  848.11,   215.21,   351.06
  851.69,   347.61,   105.52
  850.31,   343.38,   229.98
  849.68,   339.38,   354.91
  853.57,   471.76,   105.50
  852.01,   468.90,   231.42
  852.12,   466.20,   359.26
  599.70,   226.92,   226.67
  601.23,   224.58,   351.14
  602.37,   221.91,   475.70
  600.48,   349.06,   228.89
  603.74,   348.82,   353.40
  606.54,   347.68,   478.29
  602.72,   473.67,   230.65
  606.41,   473.20,   355.15
  609.87,   472.86,   480.56
  724.48,   224.31,   224.90
  726.25,   220.88,   347.41
  727.88,   217.14,   471.61
  725.45,   347.07,   225.88
  728.56,   345.42,   350.69
  731.36,   343.39,   476.60
  727.88,   471.81,   226.60
  731.73,   470.75,   353.80
  735.28,   469.57,   480.78
  847.88,   220.47,   222.27
  850.04,   217.19,   344.49
  852.87,   214.22,   469.05
  850.12,   344.66,   222.37
  852.83,   341.33,   347.71
  855.85,   339.30,   473.63
  853.17,   469.88,   223.15
  856.18,   468.18,   350.90
  858.86,   465.65,   477.50
  600.34,   227.39,   348.62
  597.56,   226.92,   473.89
  596.26,   226.76,   599.01
  600.55,   351.06,   349.03
  599.33,   352.39,   474.04
  597.92,   352.27,   598.97
  601.30,   475.69,   348.92
  600.93,   477.27,   474.22
  598.67,   477.34,   599.66
  725.00,   225.72,   349.27
  722.90,   223.81,   473.88
  721.13,   224.02,   600.42
  725.76,   349.79,   350.90
  724.50,   350.17,   476.48
  722.89,   349.80,   602.21
  726.70,   475.53,   351.66
  726.25,   476.31,   478.14
  724.42,   475.28,   603.84
  849.04,   223.50,   350.23
  848.08,   222.92,   475.16
  845.99,   222.31,   602.42
  849.78,   348.21,   351.63
  848.74,   347.93,   477.82
  847.41,   347.62,   604.05
  851.35,   474.81,   352.95
  850.20,   474.27,   479.78
  849.46,   472.73,   604.84
  598.01,   226.45,   473.08
  600.87,   227.89,   598.40
  605.17,   229.68,   723.86
  598.40,   351.96,   471.90
  601.39,   353.46,   596.74
  604.14,   353.25,   722.24
  598.01,   477.06,   470.37
  600.59,   478.58,   595.94
  602.61,   478.35,   721.42
  723.46,   225.38,   469.05
  726.05,   226.86,   595.34
  728.56,   229.61,   722.85
  723.58,   351.63,   469.95
  726.43,   352.42,   595.90
  728.09,   353.19,   721.37
  723.48,   477.75,   470.19
  726.08,   478.16,   595.77
  727.22,   478.58,   719.76
  848.36,   225.55,   465.99
  850.83,   226.65,   592.98
  852.03,   230.01,   720.41
  847.59,   350.70,   466.76
  850.79,   351.98,   593.43
  852.26,   353.61,   717.77
  847.42,   477.48,   467.33
  851.11,   477.18,   592.59
  852.73,   478.72,   715.82
  600.51,   223.88,   598.23
  603.81,   226.82,   723.27
  605.69,   229.86,   848.06
  598.01,   349.36,   595.52
  599.97,   350.66,   720.60
  601.95,   352.05,   845.70
  594.53,   474.58,   593.34
  595.45,   475.61,   718.87
  597.93,   475.80,   843.32
  725.55,   225.54,   595.87
  727.27,   229.48,   723.59
  728.51,   233.51,   848.50
  723.19,   351.39,   595.28
  723.94,   353.04,   720.88
  724.60,   355.33,   844.86
  720.43,   477.05,   594.16
  720.43,   478.31,   718.26
  721.34,   480.01,   841.27
  850.70,   228.48,   594.80
  850.41,   232.37,   722.03
  851.59,   237.16,   846.68
  847.55,   353.55,   593.89
  848.28,   355.96,   718.46
  848.38,   359.64,   841.93
  844.91,   478.69,   592.37
  845.97,   480.81,   715.62
  846.19,   485.40,   839.08
  600.34,   348.12,    99.69
  600.24,   349.08,   224.02
  600.88,   352.83,   348.50
  599.91,   473.09,    96.79
  599.34,   473.46,   221.31
  600.58,   477.46,   345.84
  600.46,   599.17,    94.49
  600.22,   600.52,   218.80
  600.70,   603.54,   342.77
  724.73,   349.30,    99.23
  725.33,   350.48,   223.01
  726.23,   353.17,   348.15
  724.18,   474.06,    95.38
  724.22,   474.98,   219.45
  725.88,   478.81,   346.77
  724.72,   598.87,    93.87
  724.34,   601.67,   217.15
  725.21,   605.39,   343.44
  850.69,   350.57,    97.74
  850.03,   351.82,   222.11
  850.57,   352.91,   347.41
  850.10,   474.78,    93.15
  849.29,   476.85,   218.28
  850.45,   479.77,   346.42
  849.95,   598.28,    91.67
  848.20,   602.70,   217.05
  849.52,   607.05,   344.47
  597.65,   346.83,   223.55
  598.36,   346.07,   347.80
  598.25,   345.34,   472.55
  593.85,   471.03,   225.25
  594.51,   470.70,   349.60
  595.37,   470.15,   474.87
  592.06,   597.79,   226.77
  592.23,   596.46,   350.93
  591.45,   594.91,   476.84
  722.54,   351.28,   223.09
  723.28,   349.48,   347.97
  723.65,   347.21,   473.64
  718.86,   475.70,   223.94
  719.86,   474.70,   351.06
  720.73,   473.53,   477.50
  715.99,   602.16,   225.78
  716.44,   601.35,   352.34
  717.15,   599.03,   479.21
  847.75,   355.10,   222.34
  847.41,   352.01,   347.91
  847.78,   349.33,   473.96
  843.78,   480.52,   223.24
  844.38,   478.56,   351.03
  844.74,   475.84,   478.26
  839.92,   606.10,   226.35
  840.72,   606.18,   353.71
  841.84,   602.62,   480.05
  600.61,   348.59,   348.51
  601.50,   347.39,   473.27
  602.23,   344.55,   598.25
  600.39,   473.20,   350.81
  601.90,   472.44,   476.01
  602.21,   469.95,   601.69
  601.34,   598.99,   352.27
  601.74,   597.12,   478.23
  601.11,   594.61,   604.98
  725.75,   348.38,   347.81
  726.84,   346.34,   473.64
  727.29,   343.13,   599.34
  725.89,   474.20,   350.97
  727.51,   472.20,   477.79
  727.91,   469.14,   603.27
  725.57,   600.75,   352.75
  727.09,   598.40,   479.70
  727.74,   594.63,   605.88
  850.05,   347.65,   346.49
  851.32,   345.17,   472.66
  852.10,   342.25,   599.17
  850.25,   474.61,   350.41
  851.27,   471.34,   477.26
  852.67,   467.61,   602.36
  850.18,   601.87,   353.01
  851.88,   598.24,   479.58
  852.92,   593.64,   604.42
  598.91,   351.34,   476.57
  600.23,   351.33,   601.63
  600.87,   349.97,   726.55
  598.88,   476.58,   476.26
  599.29,   476.53,   602.00
  599.03,   474.76,   727.60
  597.99,   601.17,   476.28
  597.67,   601.26,   603.28
  597.79,   600.34,   729.23
  724.31,   350.78,   476.66
  725.07,   350.42,   602.58
  725.04,   349.91,   727.90
  724.23,   476.93,   478.42
  724.91,   476.19,   603.54
  724.09,   474.84,   727.80
  723.12,   603.00,   477.61
  723.94,   602.03,   603.58
  724.08,   601.59,   727.92
  848.78,   350.04,   475.54
  849.59,   349.87,   602.06
  849.02,   350.15,   726.77
  848.54,   476.81,   477.44
  849.78,   475.41,   602.66
  849.44,   475.17,   726.16
  847.99,   603.43,   477.05
  849.53,   601.46,   602.14
  849.85,   602.63,   726.38
  601.20,   348.55,   597.76
  602.61,   347.76,   723.27
  604.79,   347.58,   848.29
  599.92,   474.10,   598.20
  600.69,   472.73,   723.34
  602.98,   471.39,   847.73
  598.25,   598.94,   598.67
  599.23,   598.56,   724.67
  601.58,   598.01,   847.61
  726.16,   348.04,   598.02
  726.77,   347.79,   723.47
  727.22,   348.34,   847.82
  725.57,   473.86,   598.83
  725.74,   473.07,   722.76
  726.50,   472.97,   846.08
  724.56,   599.72,   598.17
  725.29,   599.67,   722.53
  726.54,   599.94,   845.11
  850.76,   347.78,   596.85
  851.11,   348.42,   721.62
  850.98,   350.34,   844.86
  850.67,   473.14,   596.99
  851.12,   473.50,   720.43
  851.42,   476.04,   844.02
  850.08,   599.26,   596.14
  851.10,   600.95,   720.53
  852.47,   603.08,   844.14
  601.13,   473.39,    99.90
  602.05,   475.10,   224.34
  605.19,   480.64,   348.85
  605.07,   599.55,    96.15
  606.81,   601.99,   220.39
  609.05,   606.35,   344.42
  608.86,   724.76,    92.80
  612.18,   730.06,   216.50
  612.76,   732.53,   339.93
  725.19,   470.78,    96.81
  727.05,   473.11,   220.93
  730.50,   478.10,   347.90
  729.28,   595.58,    93.81
  730.50,   599.74,   217.16
  733.14,   605.08,   343.79
  733.88,   719.42,    91.99
  734.24,   726.29,   215.78
  735.38,   731.03,   338.84
  851.07,   468.08,    93.08
  852.47,   471.48,   217.93
  854.68,   475.51,   346.03
  854.61,   591.43,    90.03
  854.67,   597.02,   215.18
  857.58,   602.46,   342.79
  858.74,   715.01,    88.06
  856.58,   722.12,   214.61
  860.17,   727.56,   340.04
  598.81,   470.90,   223.42
  597.14,   475.14,   347.84
  595.16,   478.93,   473.00
  601.29,   597.57,   220.38
  599.01,   600.57,   344.69
  595.94,   603.96,   470.41
  604.89,   725.77,   217.71
  600.78,   727.18,   341.52
  596.37,   728.24,   467.47
  723.79,   470.89,   224.55
  722.69,   475.02,   351.61
  720.71,   477.90,   478.37
  725.19,   597.56,   221.82
  723.24,   601.37,   348.45
  721.43,   603.73,   475.35
  726.94,   724.30,   221.39
  723.45,   727.69,   344.51
  721.00,   729.09,   470.47
  849.12,   471.36,   226.31
  847.14,   474.39,   354.31
  844.94,   476.24,   481.48
  849.22,   597.08,   224.89
  847.83,   601.69,   352.10
  846.27,   602.79,   478.60
  849.09,   722.36,   225.50
  847.83,   726.64,   350.19
  846.84,   728.25,   474.12
  599.20,   473.22,   348.77
  600.53,   473.21,   474.02
  600.20,   471.29,   599.28
  600.32,   598.96,   349.57
  600.29,   597.90,   475.46
  599.38,   596.07,   601.96
  601.18,   725.21,   350.40
  599.57,   722.27,   476.37
  599.22,   720.10,   604.45
  724.75,   473.79,   349.47
  725.67,   472.93,   476.16
  725.82,   470.24,   601.50
  724.53,   600.60,   350.49
  725.51,   598.84,   477.17
  725.91,   595.98,   603.35
  723.89,   726.64,   350.60
  724.69,   724.07,   476.56
  725.67,   721.28,   603.49
  849.00,   473.68,   348.85
  849.71,   471.80,   476.01
  850.55,   468.47,   601.22
  849.21,   601.34,   351.25
  850.29,   598.62,   477.42
  851.34,   594.73,   602.52
  848.60,   726.38,   353.04
  850.14,   723.97,   477.53
  851.72,   720.79,   602.52
  601.87,   475.06,   474.20
  599.69,   478.09,   599.75
  597.07,   479.44,   725.17
  602.52,   599.65,   470.75
  599.88,   602.91,   597.44
  597.43,   605.08,   723.78
  603.07,   723.90,   467.01
  600.55,   726.67,   594.89
  599.16,   730.31,   722.44
  727.31,   473.55,   478.69
  725.34,   476.23,   604.18
  721.92,   477.89,   727.72
  728.09,   599.43,   474.74
  726.01,   601.94,   600.69
  723.94,   604.34,   724.86
  727.82,   724.93,   469.26
  727.22,   726.89,   595.94
  726.57,   730.36,   721.47
  851.45,   471.69,   480.54
  850.23,   473.48,   605.70
  846.99,   476.39,   728.81
  852.71,   598.58,   477.02
  851.51,   599.65,   602.29
  849.67,   603.80,   726.15
  853.46,   723.69,   472.33
  852.84,   725.39,   597.62
  852.63,   729.13,   721.14
  601.97,   474.51,   602.58
  601.48,   469.22,   727.63
  602.31,   464.12,   851.89
  604.50,   599.36,   606.94
  603.93,   594.84,   732.48
  605.02,   590.30,   855.29
  607.08,   723.31,   611.05
  608.02,   720.50,   737.69
  607.68,   718.11,   859.25
  727.86,   470.41,   604.62
  726.12,   465.83,   728.44
  725.27,   461.66,   851.86
  730.54,   595.91,   607.90
  730.23,   591.94,   732.15
  729.50,   588.67,   854.04
  734.03,   721.35,   609.78
  735.09,   718.23,   734.85
  733.43,   716.24,   857.55
  852.52,   465.57,   603.97
  851.38,   461.87,   727.28
  850.02,   460.46,   851.13
  856.32,   591.78,   607.10
  855.80,   589.53,   731.10
  855.14,   587.26,   854.89
  859.47,   717.60,   609.31
  860.74,   714.50,   733.18
  860.10,   712.68,   858.40
  599.09,   600.33,   101.60
  598.17,   599.03,   225.40
  598.09,   599.29,   350.03
  597.90,   726.59,   102.32
  598.56,   727.21,   225.69
  596.74,   725.30,   349.44
  595.42,   849.85,   103.62
  596.33,   851.97,   226.90
  593.17,   851.22,   349.97
  723.67,   601.93,   101.20
  722.33,   602.31,   224.98
  722.68,   603.11,   351.61
  722.62,   726.38,   103.67
  720.89,   729.14,   227.03
  719.40,   729.17,   350.59
  720.36,   850.50,   105.49
  719.08,   853.16,   228.76
  715.96,   852.92,   350.62
  848.60,   603.37,    99.68
  846.51,   605.22,   225.81
  847.02,   606.68,   353.13
  847.88,   727.55,   101.99
  843.16,   730.52,   229.24
  843.76,   731.74,   353.45
  846.57,   852.19,   103.49
  843.07,   856.19,   228.52
  842.74,   854.81,   352.26
  601.67,   601.40,   223.84
  604.91,   603.80,   348.25
  607.46,   605.73,   474.01
  604.40,   729.43,   221.95
  605.80,   729.97,   345.57
  606.91,   730.04,   471.96
  604.69,   853.99,   221.56
  604.90,   855.32,   344.00
  605.85,   855.49,   469.40
  725.82,   602.00,   220.02
  729.26,   605.30,   346.50
  732.81,   606.75,   473.45
  726.85,   728.60,   220.20
  728.43,   731.02,   343.60
  731.42,   731.78,   469.13
  727.32,   852.98,   220.19
  727.88,   854.43,   341.73
  730.27,   855.50,   466.17
  849.73,   602.33,   217.27
  853.71,   605.78,   344.71
  857.30,   606.36,   470.84
  848.87,   727.40,   218.71
  852.89,   730.89,   343.58
  857.32,   731.40,   467.86
  851.34,   853.39,   216.06
  854.83,   854.31,   340.32
  856.90,   854.81,   465.54
  600.11,   600.35,   349.89
  599.46,   600.14,   475.99
  597.63,   599.50,   602.88
  598.34,   726.25,   349.88
  596.00,   724.40,   476.13
  594.79,   723.49,   604.21
  595.17,   851.96,   350.14
  592.69,   849.51,   475.83
  593.08,   847.50,   603.86
  724.65,   604.45,   351.48
  724.85,   603.44,   478.71
  724.08,   601.96,   604.77
  721.46,   730.21,   350.93
  720.91,   728.70,   476.85
  721.29,   726.97,   603.72
  717.98,   853.65,   350.81
  717.18,   852.45,   476.09
  718.21,   851.46,   603.08
  848.71,   607.61,   353.22
  849.72,   605.86,   479.75
  849.57,   603.15,   604.44
  845.96,   732.56,   353.88
  846.59,   730.98,   478.26
  847.48,   729.17,   603.76
  844.90,   855.86,   353.02
  843.49,   854.33,   478.12
  843.77,   854.02,   603.01
  601.97,   599.74,   474.18
  600.50,   597.27,   600.90
  599.05,   593.74,   727.06
  602.38,   724.24,   476.38
  601.29,   721.26,   604.20
  600.81,   719.09,   731.56
  602.76,   849.20,   478.03
  602.99,   845.52,   606.12
  604.20,   842.72,   734.66
  727.54,   599.53,   476.95
  726.63,   595.83,   603.01
  725.06,   592.60,   727.39
  727.67,   724.60,   477.20
  727.60,   721.05,   603.92
  728.09,   718.69,   729.62
  727.31,   848.35,   478.48
  728.42,   845.52,   605.33
  729.73,   842.95,   732.30
  852.28,   597.94,   478.17
  851.93,   593.17,   603.26
  850.79,   591.58,   727.21
  853.07,   723.42,   478.91
  853.67,   719.52,   604.53
  854.20,   717.33,   728.36
  853.54,   846.60,   480.94
  853.85,   844.38,   605.58
  855.19,   841.36,   730.03
  599.87,   599.46,   601.84
  596.35,   594.84,   727.92
  594.70,   590.43,   850.62
  600.68,   723.41,   605.99
  598.25,   720.49,   733.20
  595.71,   718.01,   854.68
  602.27,   847.44,   608.67
  601.71,   844.23,   737.01
  596.91,   842.24,   859.79
  725.91,   598.10,   606.08
  722.66,   593.75,   729.85
  719.27,   590.39,   852.18
  727.30,   723.17,   607.62
  725.60,   720.06,   733.24
  721.42,   717.82,   855.63
  727.96,   847.50,   609.81
  727.35,   844.36,   736.73
  723.38,   842.72,   861.37
  851.39,   595.41,   607.77
  848.45,   592.91,   731.90
  845.11,   591.03,   855.40
  853.09,   721.38,   609.92
  851.60,   718.49,   733.74
  847.78,   716.50,   859.14
  853.14,   846.36,   612.31
  852.51,   842.54,   736.63
  850.02,   841.56,   864.95
