27, 125, pa2-debug-a-output1.txt
  208.72,   198.86,   199.56
  390.98,   402.81,   200.52
   99.45,    99.64,    98.64
   98.69,    96.10,   223.59
   97.94,    92.57,   348.53
   99.30,   224.59,   102.17
   98.54,   221.05,   227.12
   97.79,   217.52,   352.07
   99.15,   349.54,   105.71
   98.39,   346.00,   230.65
   97.64,   342.47,   355.60
  224.45,    99.77,    99.40
  223.69,    96.23,   224.35
  222.94,    92.70,   349.29
  224.30,   224.72,   102.93
  223.54,   221.18,   227.88
  222.79,   217.65,   352.83
  224.14,   349.67,   106.47
  223.39,   346.13,   231.41
  222.63,   342.60,   356.36
  349.44,    99.90,   100.16
  348.69,    96.36,   225.10
  347.93,    92.83,   350.05
  349.29,   224.85,   103.69
  348.54,   221.31,   228.64
  347.78,   217.78,   353.59
  349.14,   349.80,   107.22
  348.39,   346.26,   232.17
  347.63,   342.73,   357.12
  100.05,    99.18,   224.36
  100.99,    98.14,   349.35
  101.93,    97.10,   474.34
  103.56,   224.12,   225.37
  104.50,   223.09,   350.36
  105.44,   222.05,   475.36
  107.07,   349.07,   226.38
  108.01,   348.03,   351.37
  108.94,   347.00,   476.37
  225.00,    95.68,   223.39
  225.94,    94.64,   348.39
  226.87,    93.60,   473.38
  228.51,   220.62,   224.40
  229.44,   219.59,   349.40
  230.38,   218.55,   474.39
  232.01,   345.57,   225.41
  232.95,   344.53,   350.41
  233.89,   343.49,   475.40
  349.94,    92.17,   222.43
  350.88,    91.14,   347.42
  351.82,    90.10,   472.41
  353.45,   217.12,   223.44
  354.39,   216.08,   348.43
  355.33,   215.05,   473.42
  356.96,   342.07,   224.45
  357.90,   341.03,   349.44
  358.84,   339.99,   474.43
   99.69,    98.20,   350.71
  102.18,   101.70,   475.64
  104.66,   105.20,   600.56
  101.51,   223.14,   347.18
  103.99,   226.64,   472.10
  106.48,   230.14,   597.03
  103.32,   348.08,   343.64
  105.80,   351.58,   468.57
  108.29,   355.07,   593.50
  224.66,    96.32,   348.28
  227.14,    99.82,   473.21
  229.63,   103.32,   598.13
  226.47,   221.26,   344.74
  228.95,   224.76,   469.67
  231.44,   228.26,   594.60
  228.28,   346.20,   341.21
  230.76,   349.69,   466.14
  233.25,   353.19,   591.06
  349.62,    94.44,   345.85
  352.10,    97.94,   470.77
  354.59,   101.44,   595.70
  351.43,   219.38,   342.31
  353.91,   222.88,   467.24
  356.40,   226.38,   592.16
  353.24,   344.32,   338.78
  355.73,   347.81,   463.70
  358.21,   351.31,   588.63
   98.55,    99.08,   475.48
   95.81,    99.54,   600.45
   93.06,   100.00,   725.42
   99.25,   224.07,   475.03
   96.51,   224.54,   600.00
   93.76,   225.00,   724.97
   99.96,   349.07,   474.59
   97.21,   349.53,   599.56
   94.46,   350.00,   724.52
  223.52,    98.38,   478.23
  220.77,    98.85,   603.20
  218.03,    99.31,   728.17
  224.22,   223.38,   477.78
  221.48,   223.84,   602.75
  218.73,   224.31,   727.72
  224.92,   348.38,   477.33
  222.18,   348.84,   602.30
  219.43,   349.30,   727.27
  348.49,    97.69,   480.98
  345.74,    98.15,   605.94
  343.00,    98.62,   730.91
  349.19,   222.69,   480.53
  346.44,   223.15,   605.50
  343.70,   223.61,   730.47
  349.89,   347.69,   480.08
  347.15,   348.15,   605.05
  344.40,   348.61,   730.02
  101.56,    98.94,   599.89
  100.10,    96.22,   724.85
   98.64,    93.49,   849.81
   98.29,   223.87,   602.57
   96.83,   221.14,   727.54
   95.37,   218.42,   852.50
   95.02,   348.80,   605.26
   93.56,   346.07,   730.22
   92.10,   343.35,   855.18
  226.51,   102.18,   601.42
  225.05,    99.45,   726.38
  223.59,    96.73,   851.34
  223.24,   227.11,   604.10
  221.78,   224.38,   729.06
  220.32,   221.66,   854.03
  219.97,   352.04,   606.79
  218.51,   349.31,   731.75
  217.05,   346.59,   856.71
  351.46,   105.42,   602.95
  350.00,   102.69,   727.91
  348.54,    99.97,   852.87
  348.19,   230.35,   605.63
  346.73,   227.62,   730.59
  345.27,   224.90,   855.56
  344.92,   355.27,   608.32
  343.46,   352.55,   733.28
  342.00,   349.82,   858.24
   98.64,   225.46,   101.76
   99.70,   222.99,   226.73
  100.75,   220.53,   351.70
  100.32,   350.42,   104.21
  101.37,   347.96,   229.18
  102.42,   345.50,   354.15
  101.99,   475.39,   106.66
  103.04,   472.92,   231.63
  104.10,   470.46,   356.60
  223.63,   223.81,   100.67
  224.68,   221.34,   225.64
  225.73,   218.88,   350.61
  225.30,   348.77,   103.12
  226.35,   346.31,   228.09
  227.41,   343.84,   353.06
  226.97,   473.74,   105.57
  228.03,   471.27,   230.54
  229.08,   468.81,   355.51
  348.61,   222.15,    99.58
  349.67,   219.69,   224.56
  350.72,   217.23,   349.53
  350.29,   347.12,   102.03
  351.34,   344.65,   227.01
  352.39,   342.19,   351.98
  351.96,   472.08,   104.48
  353.01,   469.62,   229.46
  354.07,   467.16,   354.43
  100.15,   226.84,   223.21
   97.27,   227.66,   348.18
   94.40,   228.48,   473.14
   98.91,   351.83,   222.36
   96.04,   352.66,   347.33
   93.17,   353.48,   472.29
   97.68,   476.83,   221.51
   94.81,   477.65,   346.48
   91.94,   478.47,   471.44
  225.11,   228.09,   226.08
  222.23,   228.91,   351.04
  219.36,   229.74,   476.01
  223.88,   353.09,   225.23
  221.00,   353.91,   350.19
  218.13,   354.73,   475.16
  222.64,   478.08,   224.38
  219.77,   478.90,   349.34
  216.90,   479.72,   474.31
  350.07,   229.35,   228.94
  347.20,   230.17,   353.90
  344.32,   230.99,   478.87
  348.84,   354.34,   228.09
  345.96,   355.16,   353.06
  343.09,   355.98,   478.02
  347.60,   479.33,   227.24
  344.73,   480.15,   352.21
  341.86,   480.97,   477.17
   98.72,   225.22,   349.03
   95.63,   222.06,   473.95
   92.54,   218.90,   598.88
   96.81,   350.16,   352.14
   93.72,   347.01,   477.06
   90.63,   343.85,   601.99
   94.90,   475.11,   355.25
   91.81,   471.95,   480.18
   88.72,   468.79,   605.10
  223.66,   227.05,   352.17
  220.57,   223.89,   477.09
  217.48,   220.73,   602.01
  221.76,   352.00,   355.28
  218.66,   348.84,   480.20
  215.57,   345.68,   605.12
  219.85,   476.94,   358.39
  216.75,   473.78,   483.31
  213.66,   470.63,   608.24
  348.61,   228.88,   355.31
  345.52,   225.72,   480.23
  342.43,   222.56,   605.15
  346.70,   353.83,   358.42
  343.61,   350.67,   483.34
  340.52,   347.51,   608.26
  344.79,   478.77,   361.53
  341.70,   475.62,   486.45
  338.61,   472.46,   611.37
   98.77,   226.01,   474.29
   96.16,   225.41,   599.26
   93.54,   224.82,   724.23
   98.20,   351.00,   474.87
   95.58,   350.41,   599.84
   92.96,   349.82,   724.81
   97.63,   476.00,   475.45
   95.01,   475.41,   600.42
   92.39,   474.82,   725.39
  223.75,   226.57,   476.91
  221.13,   225.97,   601.88
  218.51,   225.38,   726.85
  223.17,   351.56,   477.49
  220.55,   350.97,   602.46
  217.94,   350.38,   727.43
  222.60,   476.56,   478.07
  219.98,   475.97,   603.04
  217.36,   475.38,   728.01
  348.72,   227.13,   479.53
  346.10,   226.53,   604.50
  343.48,   225.94,   729.47
  348.14,   352.12,   480.11
  345.53,   351.53,   605.08
  342.91,   350.94,   730.05
  347.57,   477.12,   480.69
  344.95,   476.53,   605.66
  342.33,   475.94,   730.63
  101.27,   223.13,   600.94
  101.53,   225.79,   725.91
  101.78,   228.45,   850.88
  104.57,   348.06,   598.28
  104.82,   350.72,   723.25
  105.07,   353.37,   848.22
  107.86,   472.99,   595.62
  108.11,   475.65,   720.59
  108.36,   478.30,   845.56
  226.23,   219.84,   600.76
  226.48,   222.49,   725.73
  226.74,   225.15,   850.70
  229.52,   344.77,   598.10
  229.78,   347.42,   723.07
  230.03,   350.08,   848.04
  232.81,   469.69,   595.43
  233.07,   472.35,   720.41
  233.32,   475.00,   845.38
  351.19,   216.54,   600.57
  351.44,   219.20,   725.54
  351.69,   221.85,   850.52
  354.48,   341.47,   597.91
  354.73,   344.12,   722.88
  354.98,   346.78,   847.86
  357.77,   466.40,   595.25
  358.02,   469.05,   720.22
  358.28,   471.71,   845.19
  101.24,   351.42,   100.42
  101.70,   350.29,   225.42
  102.16,   349.16,   350.41
   97.64,   476.37,   101.57
   98.10,   475.23,   226.56
   98.56,   474.10,   351.56
   94.04,   601.31,   102.72
   94.50,   600.18,   227.71
   94.96,   599.04,   352.70
  226.19,   355.02,   100.00
  226.65,   353.89,   224.99
  227.10,   352.76,   349.99
  222.59,   479.97,   101.14
  223.05,   478.83,   226.14
  223.51,   477.70,   351.13
  218.99,   604.91,   102.29
  219.45,   603.78,   227.28
  219.91,   602.64,   352.28
  351.13,   358.63,    99.57
  351.59,   357.49,   224.57
  352.05,   356.36,   349.56
  347.54,   483.57,   100.72
  348.00,   482.44,   225.71
  348.45,   481.30,   350.71
  343.94,   608.51,   101.86
  344.40,   607.38,   226.86
  344.86,   606.25,   351.85
   99.11,   351.21,   223.20
  101.83,   354.02,   348.14
  104.54,   356.83,   473.08
  100.05,   476.18,   220.38
  102.77,   478.99,   345.31
  105.48,   481.79,   470.25
  100.99,   601.14,   217.55
  103.70,   603.95,   342.49
  106.42,   606.76,   467.43
  224.08,   350.22,   220.51
  226.80,   353.02,   345.45
  229.51,   355.83,   470.39
  225.02,   475.18,   217.68
  227.73,   477.99,   342.62
  230.45,   480.79,   467.56
  225.95,   600.15,   214.86
  228.67,   602.95,   339.79
  231.38,   605.76,   464.73
  349.05,   349.22,   217.82
  351.76,   352.03,   342.76
  354.48,   354.83,   467.69
  349.98,   474.18,   214.99
  352.70,   476.99,   339.93
  355.41,   479.80,   464.87
  350.92,   599.15,   212.16
  353.64,   601.96,   337.10
  356.35,   604.76,   462.04
  100.12,   348.02,   349.41
   98.47,   347.56,   474.40
   96.83,   347.10,   599.39
   99.92,   473.02,   349.87
   98.27,   472.56,   474.85
   96.63,   472.10,   599.84
   99.72,   598.02,   350.32
   98.07,   597.56,   475.31
   96.43,   597.10,   600.30
  225.11,   348.21,   351.06
  223.46,   347.75,   476.05
  221.82,   347.30,   601.03
  224.91,   473.21,   351.51
  223.26,   472.75,   476.50
  221.62,   472.29,   601.49
  224.71,   598.21,   351.97
  223.06,   597.75,   476.96
  221.42,   597.29,   601.95
  350.10,   348.41,   352.70
  348.45,   347.95,   477.69
  346.81,   347.49,   602.68
  349.90,   473.41,   353.16
  348.25,   472.95,   478.15
  346.61,   472.49,   603.14
  349.70,   598.40,   353.62
  348.05,   597.95,   478.61
  346.41,   597.49,   603.59
   99.16,   349.73,   476.20
  102.80,   348.33,   601.14
  106.43,   346.92,   726.08
   96.33,   474.69,   477.69
   99.97,   473.29,   602.63
  103.61,   471.88,   727.57
   93.50,   599.65,   479.17
   97.14,   598.25,   604.11
  100.78,   596.84,   729.05
  224.08,   352.60,   472.60
  227.71,   351.20,   597.54
  231.35,   349.79,   722.48
  221.25,   477.56,   474.08
  224.88,   476.16,   599.02
  228.52,   474.75,   723.96
  218.42,   602.52,   475.57
  222.05,   601.12,   600.51
  225.69,   599.71,   725.45
  348.99,   355.47,   468.99
  352.63,   354.07,   593.93
  356.26,   352.67,   718.87
  346.16,   480.43,   470.48
  349.80,   479.03,   595.42
  353.44,   477.62,   720.36
  343.33,   605.39,   471.96
  346.97,   603.99,   596.90
  350.61,   602.58,   721.84
   98.19,   350.18,   599.26
  101.92,   352.49,   724.18
  105.66,   354.79,   849.10
   97.21,   475.16,   596.98
  100.95,   477.46,   721.90
  104.68,   479.77,   846.83
   96.24,   600.13,   594.70
   99.97,   602.44,   719.63
  103.71,   604.74,   844.55
  223.13,   351.09,   595.51
  226.86,   353.40,   720.43
  230.60,   355.70,   845.35
  222.15,   476.07,   593.23
  225.89,   478.37,   718.15
  229.62,   480.68,   843.08
  221.18,   601.04,   590.95
  224.91,   603.35,   715.88
  228.65,   605.65,   840.80
  348.07,   352.00,   591.76
  351.80,   354.30,   716.68
  355.54,   356.61,   841.60
  347.09,   476.97,   589.48
  350.83,   479.28,   714.40
  354.56,   481.58,   839.32
  346.12,   601.95,   587.20
  349.85,   604.25,   712.12
  353.59,   606.56,   837.05
  101.55,   474.47,   101.54
  104.87,   472.71,   226.48
  108.19,   470.94,   351.43
  103.13,   599.45,   103.26
  106.44,   597.69,   228.20
  109.76,   595.92,   353.15
  104.70,   724.43,   104.98
  108.02,   722.66,   229.93
  111.33,   720.90,   354.87
  226.50,   472.94,    98.20
  229.82,   471.18,   223.14
  233.13,   469.42,   348.09
  228.07,   597.92,    99.92
  231.39,   596.16,   224.87
  234.71,   594.40,   349.81
  229.65,   722.90,   101.64
  232.96,   721.14,   226.59
  236.28,   719.37,   351.53
  351.45,   471.42,    94.86
  354.76,   469.65,   219.81
  358.08,   467.89,   344.75
  353.02,   596.40,    96.58
  356.33,   594.63,   221.53
  359.65,   592.87,   346.47
  354.59,   721.37,    98.31
  357.91,   719.61,   223.25
  361.22,   717.85,   348.19
   99.33,   476.53,   224.14
  101.44,   475.40,   349.12
  103.54,   474.26,   474.10
   98.91,   601.52,   225.28
  101.01,   600.39,   350.26
  103.12,   599.26,   475.24
   98.49,   726.52,   226.42
  100.59,   725.39,   351.40
  102.70,   724.25,   476.38
  224.31,   476.97,   222.04
  226.42,   475.84,   347.02
  228.52,   474.71,   472.00
  223.89,   601.97,   223.18
  226.00,   600.83,   348.16
  228.10,   599.70,   473.14
  223.47,   726.96,   224.32
  225.57,   725.83,   349.30
  227.68,   724.69,   474.28
  349.29,   477.41,   219.94
  351.40,   476.28,   344.92
  353.51,   475.15,   469.90
  348.87,   602.41,   221.08
  350.98,   601.27,   346.06
  353.08,   600.14,   471.04
  348.45,   727.40,   222.22
  350.56,   726.27,   347.20
  352.66,   725.14,   472.18
   98.93,   473.49,   350.90
  100.00,   472.55,   475.89
  101.07,   471.61,   600.88
   95.42,   598.44,   351.87
   96.49,   597.50,   476.86
   97.56,   596.55,   601.85
   91.91,   723.38,   352.84
   92.97,   722.44,   477.83
   94.04,   721.50,   602.82
  223.88,   477.01,   349.86
  224.95,   476.07,   474.85
  226.02,   475.13,   599.84
  220.37,   601.96,   350.83
  221.43,   601.02,   475.82
  222.50,   600.08,   600.81
  216.85,   726.91,   351.80
  217.92,   725.96,   476.79
  218.99,   725.02,   601.78
  348.83,   480.53,   348.81
  349.89,   479.59,   473.81
  350.96,   478.65,   598.80
  345.31,   605.48,   349.79
  346.38,   604.54,   474.78
  347.45,   603.60,   599.77
  341.80,   730.43,   350.76
  342.87,   729.49,   475.75
  343.93,   728.55,   600.74
  101.56,   473.58,   474.68
   98.08,   474.65,   599.63
   94.60,   475.71,   724.58
  102.42,   598.57,   473.64
   98.94,   599.64,   598.59
   95.46,   600.71,   723.53
  103.27,   723.56,   472.60
   99.79,   724.63,   597.54
   96.32,   725.70,   722.49
  226.51,   472.75,   478.17
  223.03,   473.82,   603.12
  219.55,   474.89,   728.06
  227.36,   597.74,   477.12
  223.89,   598.81,   602.07
  220.41,   599.88,   727.02
  228.22,   722.74,   476.08
  224.74,   723.80,   601.03
  221.26,   724.87,   725.97
  351.46,   471.92,   481.65
  347.98,   472.99,   606.60
  344.50,   474.06,   731.55
  352.31,   596.92,   480.61
  348.83,   597.99,   605.56
  345.36,   599.05,   730.50
  353.17,   721.91,   479.57
  349.69,   722.98,   604.51
  346.21,   724.05,   729.46
   98.18,   474.89,   599.60
  100.39,   474.97,   724.58
  102.60,   475.04,   849.56
  101.88,   599.84,   599.46
  104.09,   599.91,   724.44
  106.31,   599.99,   849.42
  105.59,   724.78,   599.32
  107.80,   724.86,   724.30
  110.01,   724.93,   849.28
  223.10,   471.19,   597.39
  225.32,   471.26,   722.37
  227.53,   471.34,   847.35
  226.81,   596.13,   597.25
  229.02,   596.21,   722.23
  231.23,   596.28,   847.21
  230.51,   721.08,   597.11
  232.72,   721.15,   722.09
  234.94,   721.23,   847.07
  348.03,   467.48,   595.18
  350.24,   467.56,   720.16
  352.45,   467.63,   845.14
  351.73,   592.43,   595.04
  353.95,   592.50,   720.02
  356.16,   592.58,   845.00
  355.44,   717.37,   594.90
  357.65,   717.45,   719.88
  359.86,   717.52,   844.86
  101.65,   599.93,   100.09
  103.15,   601.93,   225.07
  104.65,   603.93,   350.04
   98.31,   724.87,    98.13
   99.80,   726.87,   223.11
  101.30,   728.87,   348.08
   94.96,   849.81,    96.17
   96.46,   851.81,   221.15
   97.95,   853.81,   346.12
  226.60,   603.25,    98.54
  228.10,   605.25,   223.52
  229.59,   607.25,   348.49
  223.25,   728.19,    96.58
  224.75,   730.19,   221.56
  226.25,   732.19,   346.53
  219.91,   853.13,    94.62
  221.40,   855.13,   219.60
  222.90,   857.13,   344.57
  351.54,   606.58,    96.99
  353.04,   608.58,   221.97
  354.54,   610.58,   346.94
  348.20,   731.52,    95.03
  349.70,   733.52,   220.01
  351.19,   735.52,   344.98
  344.85,   856.46,    93.08
  346.35,   858.46,   218.05
  347.85,   860.46,   343.03
   98.07,   600.35,   223.73
  100.44,   598.68,   348.69
  102.81,   597.01,   473.66
   97.61,   725.34,   225.40
   99.99,   723.67,   350.37
  102.36,   722.00,   475.34
   97.16,   850.33,   227.08
   99.53,   848.66,   352.05
  101.91,   846.99,   477.01
  223.04,   600.84,   221.36
  225.42,   599.17,   346.33
  227.79,   597.50,   471.29
  222.59,   725.82,   223.04
  224.96,   724.15,   348.00
  227.34,   722.49,   472.97
  222.14,   850.81,   224.71
  224.51,   849.14,   349.68
  226.88,   847.47,   474.65
  348.02,   601.32,   218.99
  350.39,   599.65,   343.96
  352.77,   597.98,   468.93
  347.57,   726.31,   220.67
  349.94,   724.64,   345.64
  352.31,   722.97,   470.60
  347.11,   851.30,   222.35
  349.49,   849.63,   347.31
  351.86,   847.96,   472.28
  100.99,   601.04,   348.57
   98.22,   601.96,   473.53
   95.45,   602.87,   598.50
   99.43,   726.03,   347.62
   96.66,   726.94,   472.58
   93.89,   727.86,   597.55
   97.86,   851.01,   346.67
   95.10,   851.93,   471.63
   92.33,   852.85,   596.60
  225.95,   602.62,   351.33
  223.18,   603.54,   476.29
  220.41,   604.46,   601.26
  224.39,   727.61,   350.37
  221.62,   728.53,   475.34
  218.85,   729.44,   600.31
  222.82,   852.60,   349.42
  220.05,   853.51,   474.39
  217.29,   854.43,   599.36
  350.91,   604.21,   354.08
  348.14,   605.12,   479.05
  345.37,   606.04,   604.02
  349.35,   729.19,   353.13
  346.58,   730.11,   478.10
  343.81,   731.03,   603.06
  347.78,   854.18,   352.18
  345.01,   855.10,   477.15
  342.24,   856.01,   602.11
   98.36,   599.51,   473.95
  100.60,   602.19,   598.90
  102.84,   604.87,   723.85
   97.84,   724.48,   471.27
  100.08,   727.16,   596.22
  102.32,   729.84,   721.18
   97.32,   849.45,   468.60
   99.56,   852.13,   593.55
  101.80,   854.81,   718.50
  223.34,   599.98,   471.69
  225.58,   602.66,   596.65
  227.82,   605.34,   721.60
  222.82,   724.95,   469.02
  225.06,   727.63,   593.97
  227.30,   730.31,   718.92
  222.29,   849.92,   466.35
  224.54,   852.60,   591.30
  226.78,   855.28,   716.25
  348.31,   600.45,   469.44
  350.56,   603.13,   594.39
  352.80,   605.81,   719.34
  347.79,   725.42,   466.77
  350.04,   728.10,   591.72
  352.28,   730.78,   716.67
  347.27,   850.39,   464.10
  349.52,   853.07,   589.05
  351.76,   855.75,   714.00
   98.25,   601.91,   601.61
   97.18,   605.49,   726.56
   96.10,   609.06,   851.50
   98.51,   726.86,   598.04
   97.44,   730.43,   722.98
   96.36,   734.01,   847.93
   98.77,   851.81,   594.46
   97.70,   855.38,   719.41
   96.62,   858.96,   844.35
  223.25,   601.68,   602.69
  222.17,   605.26,   727.64
  221.10,   608.83,   852.58
  223.51,   726.63,   599.12
  222.43,   730.21,   724.06
  221.36,   733.78,   849.01
  223.77,   851.58,   595.54
  222.69,   855.16,   720.49
  221.62,   858.73,   845.43
  348.24,   601.45,   603.78
  347.17,   605.03,   728.72
  346.09,   608.61,   853.66
  348.50,   726.40,   600.20
  347.43,   729.98,   725.14
  346.35,   733.56,   850.09
  348.76,   851.35,   596.63
  347.69,   854.93,   721.57
  346.61,   858.50,   846.51
  224.79,   101.78,    98.86
  222.90,   104.13,   223.83
  221.00,   106.48,   348.79
  224.77,   226.75,    96.51
  222.88,   229.11,   221.47
  220.98,   231.46,   346.43
  224.75,   351.73,    94.15
  222.86,   354.09,   219.12
  220.96,   356.44,   344.08
  349.77,   101.83,   100.75
  347.88,   104.19,   225.72
  345.99,   106.54,   350.68
  349.75,   226.81,    98.40
  347.86,   229.16,   223.36
  345.97,   231.52,   348.33
  349.74,   351.79,    96.05
  347.84,   354.14,   221.01
  345.95,   356.49,   345.97
  474.76,   101.89,   102.65
  472.87,   104.24,   227.61
  470.97,   106.59,   352.57
  474.74,   226.86,   100.29
  472.85,   229.22,   225.26
  470.95,   231.57,   350.22
  474.72,   351.84,    97.94
  472.83,   354.20,   222.90
  470.93,   356.55,   347.87
  226.45,    98.33,   224.74
  223.87,    95.81,   349.68
  221.29,    93.29,   474.63
  224.17,   223.29,   227.21
  221.60,   220.76,   352.16
  219.02,   218.24,   477.11
  221.90,   348.24,   229.69
  219.32,   345.72,   354.64
  216.74,   343.20,   479.58
  351.40,   100.55,   227.36
  348.82,    98.03,   352.31
  346.24,    95.51,   477.26
  349.13,   225.50,   229.84
  346.55,   222.98,   354.78
  343.97,   220.46,   479.73
  346.85,   350.46,   232.31
  344.28,   347.94,   357.26
  341.70,   345.42,   482.21
  476.35,   102.77,   229.98
  473.77,   100.25,   354.93
  471.19,    97.73,   479.88
  474.08,   227.72,   232.46
  471.50,   225.20,   357.41
  468.92,   222.68,   482.36
  471.81,   352.68,   234.93
  469.23,   350.16,   359.88
  466.65,   347.64,   484.83
  226.43,   100.52,   351.57
  227.13,   101.03,   476.57
  227.82,   101.53,   601.57
  225.30,   225.52,   351.08
  225.99,   226.02,   476.07
  226.69,   226.52,   601.07
  224.16,   350.51,   350.58
  224.86,   351.01,   475.58
  225.55,   351.52,   600.58
  351.42,   101.66,   350.87
  352.12,   102.16,   475.87
  352.81,   102.66,   600.87
  350.29,   226.65,   350.38
  350.99,   227.15,   475.38
  351.68,   227.65,   600.37
  349.16,   351.64,   349.88
  349.85,   352.15,   474.88
  350.55,   352.65,   599.88
  476.42,   102.79,   350.17
  477.11,   103.29,   475.17
  477.81,   103.79,   600.17
  475.28,   227.78,   349.68
  475.98,   228.28,   474.68
  476.67,   228.78,   599.67
  474.15,   352.77,   349.18
  474.85,   353.28,   474.18
  475.54,   353.78,   599.18
  226.16,   100.84,   473.48
  224.09,    99.12,   598.45
  222.01,    97.41,   723.42
  228.52,   225.80,   475.23
  226.45,   224.09,   600.21
  224.37,   222.37,   725.18
  230.88,   350.77,   476.99
  228.80,   349.05,   601.96
  226.73,   347.34,   726.93
  351.12,    98.45,   475.52
  349.05,    96.73,   600.49
  346.97,    95.02,   725.46
  353.48,   223.41,   477.28
  351.41,   221.70,   602.25
  349.33,   219.98,   727.22
  355.84,   348.38,   479.03
  353.77,   346.66,   604.00
  351.69,   344.95,   728.97
  476.08,    96.06,   477.56
  474.01,    94.35,   602.53
  471.93,    92.63,   727.50
  478.44,   221.03,   479.32
  476.37,   219.31,   604.29
  474.29,   217.60,   729.26
  480.80,   345.99,   481.07
  478.73,   344.28,   606.04
  476.65,   342.56,   731.01
  224.68,    98.52,   598.32
  225.22,    98.74,   723.32
  225.77,    98.96,   848.31
  227.50,   223.48,   598.08
  228.05,   223.71,   723.08
  228.60,   223.93,   848.08
  230.33,   348.45,   597.84
  230.88,   348.68,   722.84
  231.42,   348.90,   847.84
  349.64,    95.69,   597.78
  350.19,    95.91,   722.78
  350.74,    96.14,   847.77
  352.47,   220.66,   597.54
  353.02,   220.88,   722.54
  353.56,   221.10,   847.54
  355.30,   345.62,   597.30
  355.84,   345.85,   722.30
  356.39,   346.07,   847.30
  474.61,    92.86,   597.24
  475.16,    93.09,   722.23
  475.70,    93.31,   847.23
  477.44,   217.83,   597.00
  477.98,   218.05,   722.00
  478.53,   218.28,   847.00
  480.26,   342.80,   596.76
  480.81,   343.02,   721.76
  481.35,   343.25,   846.76
  225.59,   226.90,   101.55
  226.98,   226.08,   226.54
  228.38,   225.27,   351.53
  228.80,   351.86,   102.33
  230.20,   351.04,   227.32
  231.59,   350.22,   352.31
  232.01,   476.81,   103.11
  233.41,   476.00,   228.10
  234.80,   475.18,   353.09
  350.54,   223.70,   100.13
  351.93,   222.88,   225.12
  353.33,   222.06,   350.11
  353.75,   348.65,   100.91
  355.15,   347.84,   225.90
  356.54,   347.02,   350.89
  356.96,   473.61,   101.70
  358.36,   472.79,   226.68
  359.75,   471.98,   351.67
  475.49,   220.49,    98.72
  476.88,   219.68,   223.71
  478.28,   218.86,   348.70
  478.70,   345.45,    99.50
  480.10,   344.63,   224.49
  481.49,   343.82,   349.48
  481.91,   470.41,   100.28
  483.31,   469.59,   225.27
  484.71,   468.77,   350.26
  226.93,   224.47,   225.56
  225.15,   222.07,   350.52
  223.37,   219.67,   475.49
  226.82,   349.44,   227.96
  225.04,   347.04,   352.92
  223.25,   344.64,   477.88
  226.70,   474.42,   230.35
  224.92,   472.02,   355.32
  223.14,   469.62,   480.28
  351.92,   224.55,   227.34
  350.14,   222.15,   352.30
  348.36,   219.75,   477.27
  351.80,   349.53,   229.74
  350.02,   347.13,   354.70
  348.24,   344.73,   479.67
  351.69,   474.50,   232.14
  349.91,   472.10,   357.10
  348.12,   469.70,   482.07
  476.91,   224.63,   229.12
  475.13,   222.23,   354.09
  473.35,   219.83,   479.05
  476.79,   349.61,   231.52
  475.01,   347.21,   356.49
  473.23,   344.81,   481.45
  476.67,   474.59,   233.92
  474.89,   472.19,   358.88
  473.11,   469.79,   483.85
  224.67,   226.66,   350.11
  226.83,   229.66,   475.06
  228.99,   232.66,   600.01
  226.09,   351.62,   347.09
  228.25,   354.62,   472.03
  230.40,   357.62,   596.98
  227.50,   476.57,   344.06
  229.66,   479.57,   469.01
  231.82,   482.58,   593.95
  349.64,   225.19,   347.99
  351.80,   228.20,   472.94
  353.96,   231.20,   597.88
  351.06,   350.15,   344.96
  353.22,   353.15,   469.91
  355.38,   356.15,   594.85
  352.47,   475.10,   341.94
  354.63,   478.11,   466.88
  356.79,   481.11,   591.83
  474.62,   223.73,   345.87
  476.78,   226.73,   470.81
  478.94,   229.73,   595.76
  476.03,   348.68,   342.84
  478.19,   351.69,   467.79
  480.35,   354.69,   592.73
  477.45,   473.64,   339.81
  479.61,   476.64,   464.76
  481.77,   479.64,   589.70
  226.50,   224.32,   473.92
  223.74,   221.89,   598.87
  220.97,   219.46,   723.81
  223.08,   349.25,   476.28
  220.32,   346.82,   601.22
  217.55,   344.39,   726.17
  219.66,   474.18,   478.63
  216.90,   471.75,   603.58
  214.13,   469.32,   728.52
  351.43,   227.69,   476.76
  348.66,   225.26,   601.70
  345.89,   222.83,   726.65
  348.01,   352.62,   479.11
  345.24,   350.19,   604.06
  342.47,   347.76,   729.00
  344.59,   477.55,   481.46
  341.82,   475.12,   606.41
  339.05,   472.69,   731.36
  476.35,   231.05,   479.59
  473.58,   228.62,   604.53
  470.81,   226.19,   729.48
  472.93,   355.99,   481.94
  470.16,   353.56,   606.89
  467.39,   351.12,   731.83
  469.51,   480.92,   484.30
  466.74,   478.49,   609.24
  463.97,   476.06,   734.19
  223.35,   226.57,   601.08
  223.93,   226.32,   726.08
  224.52,   226.07,   851.08
  226.17,   351.54,   601.32
  226.75,   351.29,   726.32
  227.34,   351.03,   851.32
  228.99,   476.51,   601.56
  229.58,   476.26,   726.56
  230.16,   476.00,   851.56
  348.32,   223.75,   600.49
  348.90,   223.50,   725.49
  349.48,   223.25,   850.49
  351.14,   348.72,   600.74
  351.72,   348.47,   725.73
  352.30,   348.21,   850.73
  353.96,   473.69,   600.98
  354.54,   473.44,   725.97
  355.13,   473.18,   850.97
  473.28,   220.93,   599.91
  473.87,   220.68,   724.90
  474.45,   220.42,   849.90
  476.10,   345.90,   600.15
  476.69,   345.65,   725.14
  477.27,   345.39,   850.14
  478.93,   470.87,   600.39
  479.51,   470.61,   725.38
  480.09,   470.36,   850.38
  226.60,   351.60,   100.17
  226.43,   352.14,   225.17
  226.26,   352.68,   350.17
  223.74,   476.56,    99.63
  223.57,   477.11,   224.63
  223.40,   477.65,   349.62
  220.88,   601.53,    99.08
  220.71,   602.07,   224.08
  220.54,   602.61,   349.08
  351.57,   354.46,   100.33
  351.40,   355.00,   225.33
  351.23,   355.54,   350.33
  348.70,   479.42,    99.78
  348.53,   479.97,   224.78
  348.36,   480.51,   349.78
  345.84,   604.39,    99.24
  345.67,   604.93,   224.24
  345.50,   605.48,   349.24
  476.53,   357.32,   100.49
  476.36,   357.86,   225.49
  476.19,   358.41,   350.49
  473.67,   482.29,    99.94
  473.50,   482.83,   224.94
  473.33,   483.37,   349.94
  470.81,   607.25,    99.40
  470.64,   607.80,   224.39
  470.47,   608.34,   349.39
  225.81,   350.74,   225.22
  226.55,   351.50,   350.21
  227.30,   352.26,   475.21
  225.25,   475.73,   224.46
  225.99,   476.49,   349.45
  226.74,   477.25,   474.45
  224.69,   600.73,   223.70
  225.43,   601.49,   348.70
  226.18,   602.25,   473.69
  350.81,   351.29,   224.47
  351.55,   352.05,   349.46
  352.29,   352.81,   474.46
  350.25,   476.29,   223.71
  350.99,   477.05,   348.71
  351.73,   477.81,   473.70
  349.69,   601.28,   222.95
  350.43,   602.04,   347.95
  351.17,   602.80,   472.95
  475.80,   351.85,   223.72
  476.55,   352.61,   348.72
  477.29,   353.37,   473.71
  475.24,   476.84,   222.96
  475.99,   477.60,   347.96
  476.73,   478.36,   472.95
  474.68,   601.84,   222.21
  475.43,   602.60,   347.20
  476.17,   603.36,   472.20
  223.62,   350.93,   350.09
  225.42,   351.26,   475.08
  227.22,   351.59,   600.07
  227.05,   475.88,   349.72
  228.85,   476.21,   474.70
  230.65,   476.54,   599.69
  230.48,   600.84,   349.34
  232.28,   601.16,   474.32
  234.08,   601.49,   599.31
  348.56,   347.50,   348.30
  350.36,   347.82,   473.29
  352.16,   348.15,   598.28
  351.99,   472.45,   347.93
  353.79,   472.78,   472.91
  355.59,   473.11,   597.90
  355.42,   597.40,   347.55
  357.22,   597.73,   472.53
  359.02,   598.06,   597.52
  473.50,   344.06,   346.51
  475.30,   344.39,   471.50
  477.10,   344.72,   596.49
  476.93,   469.01,   346.13
  478.73,   469.34,   471.12
  480.53,   469.67,   596.11
  480.36,   593.97,   345.76
  482.16,   594.29,   470.74
  483.96,   594.62,   595.73
  226.07,   349.61,   476.82
  224.59,   349.20,   601.81
  223.11,   348.79,   726.80
  224.21,   474.60,   477.20
  222.73,   474.19,   602.20
  221.25,   473.78,   727.19
  222.35,   599.58,   477.59
  220.87,   599.17,   602.58
  219.40,   598.76,   727.57
  351.04,   351.46,   478.30
  349.57,   351.06,   603.29
  348.09,   350.65,   728.28
  349.19,   476.45,   478.69
  347.71,   476.04,   603.68
  346.23,   475.63,   728.67
  347.33,   601.44,   479.08
  345.85,   601.03,   604.07
  344.37,   600.62,   729.06
  476.02,   353.32,   479.78
  474.54,   352.91,   604.77
  473.07,   352.50,   729.76
  474.16,   478.30,   480.17
  472.69,   477.89,   605.16
  471.21,   477.48,   730.15
  472.31,   603.29,   480.56
  470.83,   602.88,   605.55
  469.35,   602.47,   730.54
  223.43,   348.29,   598.04
  225.29,   345.62,   723.00
  227.14,   342.94,   847.96
  225.22,   473.25,   600.69
  227.08,   470.58,   725.65
  228.93,   467.90,   850.61
  227.01,   598.21,   603.34
  228.87,   595.54,   728.29
  230.72,   592.86,   853.25
  348.41,   346.54,   596.15
  350.26,   343.87,   721.11
  352.12,   341.19,   846.07
  350.20,   471.50,   598.80
  352.05,   468.83,   723.75
  353.91,   466.15,   848.71
  351.99,   596.46,   601.44
  353.84,   593.79,   726.40
  355.70,   591.11,   851.36
  473.38,   344.79,   594.26
  475.24,   342.12,   719.21
  477.09,   339.44,   844.17
  475.17,   469.75,   596.90
  477.02,   467.08,   721.86
  478.88,   464.40,   846.82
  476.96,   594.71,   599.55
  478.81,   592.04,   724.51
  480.67,   589.36,   849.46
  226.06,   475.36,   100.14
  225.94,   477.27,   225.12
  225.82,   479.17,   350.11
  228.90,   600.31,    98.24
  228.78,   602.22,   223.22
  228.67,   604.13,   348.21
  231.74,   725.27,    96.33
  231.62,   727.17,   221.32
  231.51,   729.08,   346.30
  351.03,   472.52,   100.30
  350.91,   474.43,   225.29
  350.79,   476.33,   350.27
  353.87,   597.47,    98.40
  353.75,   599.38,   223.38
  353.63,   601.29,   348.37
  356.71,   722.43,    96.50
  356.59,   724.33,   221.48
  356.47,   726.24,   346.47
  476.00,   469.68,   100.46
  475.88,   471.59,   225.45
  475.76,   473.49,   350.43
  478.84,   594.64,    98.56
  478.72,   596.54,   223.54
  478.60,   598.45,   348.53
  481.68,   719.59,    96.66
  481.56,   721.50,   221.64
  481.44,   723.40,   346.63
  226.46,   476.07,   226.30
  227.38,   476.80,   351.29
  228.31,   477.53,   476.29
  225.43,   601.06,   225.57
  226.36,   601.79,   350.57
  227.28,   602.53,   475.56
  224.41,   726.06,   224.85
  225.33,   726.79,   349.84
  226.26,   727.52,   474.84
  351.45,   477.09,   225.37
  352.38,   477.82,   350.36
  353.30,   478.56,   475.36
  350.42,   602.08,   224.64
  351.35,   602.82,   349.64
  352.28,   603.55,   474.63
  349.40,   727.08,   223.92
  350.32,   727.81,   348.91
  351.25,   728.54,   473.91
  476.44,   478.11,   224.44
  477.37,   478.84,   349.43
  478.29,   479.58,   474.42
  475.42,   603.10,   223.71
  476.34,   603.84,   348.71
  477.27,   604.57,   473.70
  474.39,   728.10,   222.99
  475.32,   728.83,   347.98
  476.24,   729.56,   472.97
  226.09,   473.37,   349.48
  224.21,   470.76,   474.44
  222.33,   468.15,   599.39
  224.74,   598.33,   352.06
  222.87,   595.73,   477.02
  220.99,   593.12,   601.98
  223.40,   723.30,   354.65
  221.53,   720.69,   479.61
  219.65,   718.09,   604.57
  351.06,   474.67,   351.38
  349.19,   472.06,   476.34
  347.31,   469.46,   601.30
  349.72,   599.64,   353.97
  347.85,   597.03,   478.93
  345.97,   594.42,   603.89
  348.38,   724.60,   356.55
  346.50,   722.00,   481.51
  344.63,   719.39,   606.47
  476.04,   475.97,   353.28
  474.17,   473.37,   478.24
  472.29,   470.76,   603.20
  474.70,   600.94,   355.87
  472.82,   598.33,   480.83
  470.95,   595.73,   605.79
  473.36,   725.91,   358.46
  471.48,   723.30,   483.42
  469.61,   720.69,   608.38
  223.83,   474.53,   474.71
  220.21,   472.76,   599.65
  216.59,   470.99,   724.58
  222.12,   599.51,   476.43
  218.50,   597.74,   601.37
  214.87,   595.97,   726.30
  220.41,   724.49,   478.15
  216.78,   722.72,   603.09
  213.16,   720.95,   728.02
  348.77,   476.20,   478.36
  345.14,   474.43,   603.29
  341.52,   472.66,   728.23
  347.06,   601.17,   480.08
  343.43,   599.40,   605.01
  339.81,   597.63,   729.95
  345.34,   726.15,   481.80
  341.72,   724.38,   606.74
  338.09,   722.61,   731.67
  473.70,   477.86,   482.01
  470.08,   476.09,   606.94
  466.46,   474.32,   731.88
  471.99,   602.83,   483.73
  468.37,   601.06,   608.66
  464.74,   599.29,   733.60
  470.28,   727.81,   485.45
  466.65,   726.04,   610.38
  463.03,   724.27,   735.32
  223.85,   476.85,   601.11
  222.32,   478.12,   726.10
  220.78,   479.38,   851.08
  227.34,   601.79,   599.89
  225.81,   603.06,   724.88
  224.27,   604.33,   849.86
  230.84,   726.74,   598.67
  229.30,   728.01,   723.65
  227.77,   729.27,   848.64
  348.79,   473.37,   602.69
  347.26,   474.64,   727.67
  345.72,   475.90,   852.65
  352.29,   598.32,   601.46
  350.75,   599.58,   726.45
  349.21,   600.85,   851.43
  355.78,   723.26,   600.24
  354.24,   724.53,   725.22
  352.71,   725.79,   850.21
  473.73,   469.89,   604.26
  472.20,   471.16,   729.24
  470.66,   472.43,   854.22
  477.23,   594.84,   603.03
  475.69,   596.10,   728.02
  474.16,   597.37,   853.00
  480.72,   719.78,   601.81
  479.19,   721.05,   726.79
  477.65,   722.32,   851.78
  223.33,   601.16,   100.01
  220.59,   601.16,   224.98
  217.85,   601.16,   349.95
  225.46,   726.14,   100.06
  222.71,   726.14,   225.03
  219.97,   726.14,   350.00
  227.58,   851.12,   100.10
  224.84,   851.12,   225.07
  222.10,   851.12,   350.04
  348.28,   599.03,   102.75
  345.54,   599.03,   227.72
  342.80,   599.03,   352.69
  350.41,   724.01,   102.80
  347.67,   724.01,   227.77
  344.92,   724.01,   352.74
  352.53,   848.99,   102.84
  349.79,   848.99,   227.81
  347.05,   849.00,   352.78
  473.24,   596.90,   105.49
  470.49,   596.91,   230.46
  467.75,   596.91,   355.43
  475.36,   721.89,   105.54
  472.62,   721.89,   230.51
  469.88,   721.89,   355.48
  477.49,   846.87,   105.59
  474.74,   846.87,   230.56
  472.00,   846.87,   355.53
  225.15,   601.66,   225.70
  222.40,   598.11,   350.62
  219.66,   594.56,   475.54
  226.04,   726.60,   229.27
  223.29,   723.05,   354.19
  220.54,   719.50,   479.11
  226.93,   851.55,   232.84
  224.18,   848.00,   357.76
  221.43,   844.45,   482.68
  350.12,   600.69,   228.42
  347.37,   597.14,   353.34
  344.62,   593.59,   478.26
  351.01,   725.64,   231.99
  348.26,   722.09,   356.91
  345.51,   718.54,   481.83
  351.89,   850.58,   235.56
  349.15,   847.03,   360.48
  346.40,   843.48,   485.40
  475.09,   599.73,   231.14
  472.34,   596.18,   356.06
  469.59,   592.63,   480.98
  475.97,   724.67,   234.71
  473.23,   721.12,   359.63
  470.48,   717.57,   484.55
  476.86,   849.62,   238.28
  474.11,   846.07,   363.20
  471.36,   842.52,   488.12
  226.99,   600.37,   349.59
  226.13,   602.65,   474.57
  225.26,   604.93,   599.54
  224.24,   725.32,   347.29
  223.38,   727.60,   472.27
  222.51,   729.88,   597.24
  221.49,   850.27,   344.99
  220.62,   852.55,   469.97
  219.76,   854.83,   594.95
  351.96,   603.14,   350.40
  351.09,   605.42,   475.38
  350.23,   607.69,   600.35
  349.20,   728.09,   348.10
  348.34,   730.36,   473.08
  347.48,   732.64,   598.06
  346.45,   853.03,   345.81
  345.59,   855.31,   470.78
  344.73,   857.59,   595.76
  476.92,   605.90,   351.21
  476.06,   608.18,   476.19
  475.20,   610.46,   601.17
  474.17,   730.85,   348.92
  473.31,   733.13,   473.89
  472.45,   735.41,   598.87
  471.42,   855.80,   346.62
  470.56,   858.08,   471.60
  469.69,   860.36,   596.57
  225.40,   600.07,   475.93
  222.30,   599.46,   600.89
  219.20,   598.85,   725.85
  228.05,   725.04,   476.61
  224.95,   724.43,   601.57
  221.85,   723.82,   726.53
  230.70,   850.01,   477.29
  227.60,   849.40,   602.25
  224.50,   848.79,   727.21
  350.33,   597.40,   479.02
  347.23,   596.79,   603.98
  344.13,   596.18,   728.94
  352.99,   722.37,   479.70
  349.88,   721.76,   604.66
  346.78,   721.15,   729.62
  355.64,   847.34,   480.38
  352.54,   846.73,   605.34
  349.43,   846.12,   730.30
  475.27,   594.73,   482.11
  472.17,   594.12,   607.07
  469.06,   593.51,   732.03
  477.92,   719.70,   482.79
  474.82,   719.09,   607.75
  471.71,   718.48,   732.71
  480.57,   844.67,   483.47
  477.47,   844.06,   608.43
  474.37,   843.45,   733.39
  225.17,   598.21,   598.45
  227.48,   599.57,   723.42
  229.78,   600.94,   848.39
  228.69,   723.15,   597.02
  231.00,   724.52,   721.99
  233.30,   725.88,   846.96
  232.21,   848.09,   595.59
  234.52,   849.46,   720.56
  236.82,   850.82,   845.53
  350.10,   594.66,   596.18
  352.41,   596.03,   721.16
  354.71,   597.39,   846.13
  353.62,   719.60,   594.75
  355.93,   720.97,   719.72
  358.23,   722.34,   844.70
  357.14,   844.55,   593.32
  359.44,   845.91,   718.29
  361.75,   847.28,   843.27
  475.03,   591.12,   593.92
  477.33,   592.48,   718.89
  479.64,   593.85,   843.86
  478.55,   716.06,   592.49
  480.85,   717.43,   717.46
  483.16,   718.79,   842.43
  482.07,   841.00,   591.05
  484.37,   842.37,   716.03
  486.68,   843.73,   841.00
  351.52,    98.48,    99.18
  350.30,   100.59,   224.16
  349.09,   102.69,   349.14
  348.13,   223.42,    97.05
  346.92,   225.52,   222.03
  345.71,   227.62,   347.00
  344.75,   348.36,    94.92
  343.54,   350.46,   219.89
  342.33,   352.56,   344.87
  476.46,   101.89,   100.34
  475.25,   103.99,   225.32
  474.04,   106.09,   350.29
  473.08,   226.82,    98.21
  471.87,   228.92,   223.18
  470.66,   231.02,   348.16
  469.70,   351.76,    96.07
  468.49,   353.86,   221.05
  467.28,   355.96,   346.03
  601.41,   105.29,   101.49
  600.20,   107.39,   226.47
  598.99,   109.49,   351.45
  598.03,   230.22,    99.36
  596.82,   232.32,   224.34
  595.61,   234.43,   349.31
  594.65,   355.16,    97.23
  593.44,   357.26,   222.20
  592.22,   359.36,   347.18
  349.58,   101.28,   225.69
  347.74,    99.56,   350.66
  345.91,    97.83,   475.64
  346.28,   226.23,   227.37
  344.45,   224.50,   352.34
  342.62,   222.78,   477.32
  342.98,   351.18,   229.04
  341.15,   349.45,   354.02
  339.32,   347.72,   478.99
  474.52,   104.56,   227.57
  472.69,   102.83,   352.54
  470.86,   101.10,   477.52
  471.22,   229.50,   229.24
  469.39,   227.78,   354.22
  467.56,   226.05,   479.19
  467.92,   354.45,   230.92
  466.09,   352.72,   355.90
  464.26,   350.99,   480.87
  599.46,   107.83,   229.44
  597.63,   106.10,   354.42
  595.80,   104.38,   479.39
  596.17,   232.77,   231.12
  594.33,   231.05,   356.09
  592.50,   229.32,   481.07
  592.87,   357.72,   232.80
  591.04,   355.99,   357.77
  589.20,   354.27,   482.75
  348.29,    98.73,   351.50
  351.54,   101.54,   476.43
  354.80,   104.35,   601.35
  350.16,   223.69,   348.64
  353.41,   226.50,   473.57
  356.67,   229.31,   598.49
  352.03,   348.64,   345.78
  355.29,   351.45,   470.71
  358.54,   354.26,   595.63
  473.23,    96.79,   348.29
  476.49,    99.60,   473.22
  479.74,   102.41,   598.14
  475.10,   221.74,   345.43
  478.36,   224.55,   470.36
  481.61,   227.36,   595.28
  476.97,   346.69,   342.57
  480.23,   349.50,   467.50
  483.49,   352.32,   592.42
  598.17,    94.84,   345.08
  601.43,    97.65,   470.00
  604.69,   100.46,   594.93
  600.05,   219.80,   342.22
  603.30,   222.61,   467.14
  606.56,   225.42,   592.07
  601.92,   344.75,   339.36
  605.17,   347.56,   464.28
  608.43,   350.37,   589.21
  348.47,    99.77,   475.12
  349.86,    99.63,   600.12
  351.26,    99.48,   725.11
  348.99,   224.77,   475.26
  350.38,   224.63,   600.25
  351.77,   224.48,   725.25
  349.51,   349.77,   475.40
  350.90,   349.63,   600.39
  352.29,   349.48,   725.39
  473.46,    99.26,   473.73
  474.85,    99.11,   598.72
  476.25,    98.97,   723.71
  473.98,   224.25,   473.87
  475.37,   224.11,   598.86
  476.77,   223.97,   723.85
  474.50,   349.25,   474.01
  475.89,   349.11,   599.00
  477.29,   348.96,   723.99
  598.45,    98.74,   472.33
  599.84,    98.59,   597.33
  601.24,    98.45,   722.32
  598.97,   223.74,   472.47
  600.36,   223.59,   597.47
  601.76,   223.45,   722.46
  599.49,   348.74,   472.61
  600.88,   348.59,   597.60
  602.28,   348.45,   722.60
  348.42,    99.52,   600.84
  350.14,    97.52,   725.81
  351.86,    95.53,   850.79
  347.90,   224.50,   602.84
  349.62,   222.51,   727.82
  351.34,   220.51,   852.79
  347.38,   349.48,   604.84
  349.10,   347.49,   729.82
  350.81,   345.49,   854.79
  473.41,   100.07,   599.13
  475.13,    98.07,   724.11
  476.84,    96.08,   849.08
  472.89,   225.05,   601.13
  474.61,   223.05,   726.11
  476.32,   221.06,   851.08
  472.37,   350.03,   603.14
  474.08,   348.04,   728.11
  475.80,   346.04,   853.08
  598.40,   100.61,   597.43
  600.11,    98.62,   722.40
  601.83,    96.62,   847.37
  597.88,   225.60,   599.43
  599.59,   223.60,   724.40
  601.31,   221.61,   849.37
  597.36,   350.58,   601.43
  599.07,   348.58,   726.40
  600.79,   346.59,   851.37
  351.56,   223.10,    99.60
  347.87,   223.72,   224.54
  344.18,   224.33,   349.48
  353.55,   348.08,    99.04
  349.86,   348.70,   223.98
  346.17,   349.31,   348.93
  355.54,   473.06,    98.48
  351.85,   473.68,   223.43
  348.16,   474.30,   348.37
  476.49,   221.13,   103.30
  472.80,   221.74,   228.24
  469.11,   222.36,   353.19
  478.48,   346.11,   102.74
  474.79,   346.73,   227.68
  471.10,   347.34,   352.63
  480.47,   471.09,   102.18
  476.78,   471.71,   227.13
  473.09,   472.33,   352.07
  601.42,   219.15,   107.00
  597.73,   219.77,   231.94
  594.04,   220.39,   356.89
  603.41,   344.14,   106.44
  599.72,   344.75,   231.39
  596.03,   345.37,   356.33
  605.40,   469.12,   105.88
  601.71,   469.74,   230.83
  598.02,   470.35,   355.77
  349.66,   223.34,   226.41
  348.54,   223.18,   351.41
  347.42,   223.02,   476.40
  352.62,   348.30,   226.60
  351.50,   348.14,   351.59
  350.38,   347.99,   476.59
  355.59,   473.27,   226.78
  354.47,   473.11,   351.78
  353.34,   472.95,   476.77
  474.62,   220.37,   227.53
  473.50,   220.21,   352.53
  472.38,   220.06,   477.52
  477.58,   345.34,   227.72
  476.46,   345.18,   352.71
  475.34,   345.02,   477.71
  480.55,   470.30,   227.90
  479.43,   470.14,   352.90
  478.30,   469.98,   477.89
  599.58,   217.41,   228.65
  598.46,   217.25,   353.64
  597.34,   217.09,   478.64
  602.54,   342.37,   228.84
  601.42,   342.21,   353.83
  600.30,   342.05,   478.83
  605.51,   467.34,   229.02
  604.39,   467.18,   354.02
  603.26,   467.02,   479.01
  349.97,   225.30,   351.50
  352.78,   228.85,   476.42
  355.58,   232.39,   601.34
  348.74,   350.24,   347.98
  351.55,   353.79,   472.90
  354.35,   357.34,   597.82
  347.51,   475.19,   344.46
  350.31,   478.74,   469.38
  353.12,   482.28,   594.30
  474.94,   226.45,   348.66
  477.74,   230.00,   473.58
  480.55,   233.55,   598.50
  473.70,   351.40,   345.14
  476.51,   354.94,   470.06
  479.31,   358.49,   594.98
  472.47,   476.34,   341.63
  475.28,   479.89,   466.54
  478.08,   483.43,   591.46
  599.90,   227.61,   345.82
  602.70,   231.15,   470.74
  605.51,   234.70,   595.66
  598.67,   352.55,   342.31
  601.47,   356.10,   467.22
  604.28,   359.64,   592.14
  597.43,   477.49,   338.79
  600.24,   481.04,   463.71
  603.04,   484.59,   588.62
  348.88,   224.75,   474.19
  346.09,   225.23,   599.16
  343.31,   225.70,   724.13
  350.77,   349.74,   473.76
  347.98,   350.21,   598.73
  345.20,   350.69,   723.69
  352.66,   474.72,   473.32
  349.87,   475.20,   598.29
  347.09,   475.67,   723.26
  473.84,   222.87,   476.99
  471.05,   223.35,   601.95
  468.26,   223.82,   726.92
  475.73,   347.86,   476.55
  472.94,   348.33,   601.52
  470.15,   348.81,   726.49
  477.62,   472.84,   476.12
  474.83,   473.32,   601.09
  472.04,   473.79,   726.06
  598.79,   220.99,   479.78
  596.00,   221.47,   604.75
  593.21,   221.95,   729.72
  600.68,   345.98,   479.35
  597.89,   346.45,   604.32
  595.10,   346.93,   729.29
  602.57,   470.96,   478.92
  599.78,   471.44,   603.88
  596.99,   471.92,   728.85
  349.87,   223.00,   601.10
  350.85,   224.96,   726.08
  351.83,   226.93,   851.06
  347.15,   347.96,   599.16
  348.13,   349.92,   724.14
  349.11,   351.88,   849.12
  344.43,   472.91,   597.22
  345.41,   474.88,   722.20
  346.40,   476.84,   847.19
  474.83,   225.71,   600.08
  475.82,   227.67,   725.06
  476.80,   229.63,   850.04
  472.11,   350.66,   598.14
  473.10,   352.62,   723.12
  474.08,   354.58,   848.10
  469.40,   475.62,   596.20
  470.38,   477.58,   721.18
  471.36,   479.54,   846.16
  599.80,   228.41,   599.05
  600.78,   230.37,   724.03
  601.77,   232.33,   849.01
  597.08,   353.36,   597.11
  598.06,   355.33,   722.09
  599.05,   357.29,   847.07
  594.36,   478.32,   595.17
  595.35,   480.28,   720.15
  596.33,   482.24,   845.13
  351.52,   350.63,   101.77
  354.23,   346.95,   226.69
  356.95,   343.27,   351.60
  352.96,   475.57,   105.42
  355.68,   471.89,   230.34
  358.39,   468.21,   355.25
  354.41,   600.50,   109.07
  357.12,   596.82,   233.98
  359.84,   593.14,   358.90
  476.48,   349.26,    99.01
  479.19,   345.58,   223.93
  481.91,   341.90,   348.85
  477.93,   474.20,   102.66
  480.64,   470.52,   227.58
  483.35,   466.84,   352.50
  479.37,   599.14,   106.31
  482.08,   595.46,   231.23
  484.80,   591.78,   356.15
  601.44,   347.90,    96.26
  604.16,   344.22,   221.18
  606.87,   340.54,   346.09
  602.89,   472.84,    99.91
  605.60,   469.16,   224.83
  608.32,   465.48,   349.74
  604.33,   597.78,   103.56
  607.05,   594.10,   228.47
  609.76,   590.42,   353.39
  348.51,   351.58,   226.53
  350.29,   352.12,   351.52
  352.07,   352.67,   476.51
  349.32,   476.57,   225.98
  351.10,   477.12,   350.96
  352.88,   477.66,   475.95
  350.13,   601.57,   225.42
  351.91,   602.12,   350.41
  353.69,   602.66,   475.39
  473.50,   350.76,   224.76
  475.28,   351.31,   349.74
  477.05,   351.85,   474.73
  474.31,   475.76,   224.20
  476.09,   476.30,   349.19
  477.86,   476.85,   474.17
  475.12,   600.75,   223.65
  476.89,   601.30,   348.63
  478.67,   601.84,   473.62
  598.48,   349.94,   222.98
  600.26,   350.49,   347.97
  602.04,   351.03,   472.96
  599.29,   474.94,   222.43
  601.07,   475.48,   347.41
  602.85,   476.03,   472.40
  600.10,   599.94,   221.87
  601.88,   600.48,   346.86
  603.66,   601.03,   471.84
  351.34,   350.60,   351.76
  353.52,   351.89,   476.74
  355.70,   353.18,   601.71
  348.77,   475.57,   350.52
  350.95,   476.86,   475.49
  353.13,   478.14,   600.47
  346.20,   600.54,   349.28
  348.38,   601.82,   474.25
  350.56,   603.11,   599.23
  476.30,   353.15,   349.55
  478.48,   354.44,   474.53
  480.66,   355.72,   599.50
  473.72,   478.12,   348.31
  475.91,   479.40,   473.29
  478.09,   480.69,   598.26
  471.15,   603.09,   347.07
  473.34,   604.37,   472.05
  475.52,   605.66,   597.02
  601.25,   355.70,   347.35
  603.43,   356.99,   472.32
  605.61,   358.27,   597.30
  598.68,   480.67,   346.11
  600.86,   481.95,   471.08
  603.04,   483.24,   596.05
  596.11,   605.63,   344.86
  598.29,   606.92,   469.84
  600.47,   608.21,   594.81
  349.94,   351.29,   473.64
  347.88,   354.58,   598.58
  345.82,   357.86,   723.52
  350.97,   476.25,   470.37
  348.91,   479.53,   595.31
  346.85,   482.81,   720.25
  352.00,   601.20,   467.10
  349.95,   604.48,   592.04
  347.89,   607.76,   716.98
  474.92,   350.31,   475.72
  472.86,   353.60,   600.66
  470.80,   356.88,   725.60
  475.95,   475.27,   472.46
  473.89,   478.55,   597.40
  471.83,   481.83,   722.34
  476.98,   600.22,   469.19
  474.92,   603.50,   594.13
  472.87,   606.79,   719.07
  599.90,   349.33,   477.81
  597.84,   352.62,   602.75
  595.78,   355.90,   727.69
  600.93,   474.29,   474.54
  598.87,   477.57,   599.48
  596.81,   480.85,   724.42
  601.96,   599.24,   471.27
  599.90,   602.52,   596.21
  597.85,   605.81,   721.15
  349.01,   351.36,   599.07
  349.11,   352.41,   724.07
  349.21,   353.47,   849.07
  345.36,   476.30,   598.02
  345.46,   477.35,   723.02
  345.56,   478.41,   848.01
  341.71,   601.24,   596.97
  341.81,   602.30,   721.97
  341.91,   603.35,   846.96
  473.95,   355.00,   598.94
  474.05,   356.06,   723.94
  474.15,   357.11,   848.93
  470.30,   479.95,   597.89
  470.40,   481.00,   722.89
  470.50,   482.06,   847.88
  466.65,   604.89,   596.84
  466.75,   605.94,   721.84
  466.86,   607.00,   846.83
  598.90,   358.65,   598.81
  599.00,   359.71,   723.81
  599.10,   360.76,   848.80
  595.25,   483.60,   597.76
  595.35,   484.65,   722.76
  595.45,   485.70,   847.75
  591.60,   608.54,   596.71
  591.70,   609.59,   721.70
  591.80,   610.65,   846.70
  348.22,   473.15,   101.67
  350.00,   474.51,   226.65
  351.78,   475.88,   351.63
  345.11,   598.10,   100.35
  346.90,   599.47,   225.33
  348.68,   600.84,   350.31
  342.01,   723.06,    99.02
  343.79,   724.42,   224.00
  345.58,   725.79,   348.98
  473.17,   476.23,    99.85
  474.95,   477.60,   224.83
  476.73,   478.96,   349.81
  470.06,   601.19,    98.53
  471.85,   602.55,   223.51
  473.63,   603.92,   348.49
  466.96,   726.14,    97.21
  468.74,   727.51,   222.19
  470.53,   728.87,   347.17
  598.11,   479.32,    98.03
  599.90,   480.68,   223.01
  601.68,   482.05,   347.99
  595.01,   604.27,    96.71
  596.79,   605.64,   221.69
  598.58,   607.00,   346.67
  591.91,   729.23,    95.39
  593.69,   730.59,   220.37
  595.47,   731.96,   345.35
  350.45,   473.97,   224.72
  353.48,   471.60,   349.66
  356.51,   469.22,   474.60
  352.69,   598.93,   227.04
  355.72,   596.55,   351.98
  358.74,   594.18,   476.92
  354.92,   723.89,   229.37
  357.95,   721.51,   354.31
  360.98,   719.13,   479.25
  475.40,   471.80,   221.65
  478.43,   469.42,   346.59
  481.46,   467.04,   471.53
  477.63,   596.76,   223.97
  480.66,   594.38,   348.91
  483.69,   592.00,   473.85
  479.86,   721.72,   226.30
  482.89,   719.34,   351.24
  485.92,   716.96,   476.18
  600.34,   469.62,   218.58
  603.37,   467.25,   343.52
  606.40,   464.87,   468.46
  602.57,   594.58,   220.90
  605.60,   592.20,   345.84
  608.63,   589.83,   470.78
  604.81,   719.54,   223.23
  607.84,   717.16,   348.17
  610.86,   714.78,   473.11
  351.00,   476.96,   349.86
  353.02,   476.10,   474.84
  355.04,   475.25,   599.82
  349.63,   601.95,   350.73
  351.65,   601.09,   475.71
  353.67,   600.24,   600.69
  348.26,   726.93,   351.61
  350.28,   726.08,   476.59
  352.30,   725.23,   601.57
  475.98,   478.34,   347.85
  478.00,   477.49,   472.83
  480.02,   476.64,   597.81
  474.61,   603.33,   348.72
  476.63,   602.48,   473.70
  478.65,   601.63,   598.68
  473.23,   728.32,   349.60
  475.25,   727.47,   474.58
  477.27,   726.62,   599.56
  600.96,   479.73,   345.83
  602.98,   478.88,   470.81
  605.00,   478.02,   595.80
  599.58,   604.72,   346.71
  601.60,   603.87,   471.69
  603.62,   603.01,   596.67
  598.21,   729.71,   347.59
  600.23,   728.86,   472.57
  602.25,   728.00,   597.55
  348.84,   474.33,   476.76
  345.76,   477.70,   601.67
  342.67,   481.07,   726.59
  346.31,   599.25,   473.32
  343.22,   602.62,   598.24
  340.14,   605.99,   723.16
  343.77,   724.18,   469.89
  340.69,   727.55,   594.81
  337.60,   730.92,   719.72
  473.78,   476.94,   479.77
  470.69,   480.32,   604.69
  467.61,   483.69,   729.60
  471.24,   601.87,   476.34
  468.16,   605.24,   601.25
  465.07,   608.61,   726.17
  468.71,   726.80,   472.90
  465.62,   730.17,   597.82
  462.54,   733.54,   722.74
  598.72,   479.56,   482.79
  595.63,   482.93,   607.70
  592.55,   486.30,   732.62
  596.18,   604.49,   479.35
  593.10,   607.86,   604.27
  590.01,   611.23,   729.19
  593.64,   729.42,   475.92
  590.56,   732.79,   600.84
  587.48,   736.16,   725.75
  349.75,   473.89,   599.90
  350.29,   474.14,   724.89
  350.83,   474.39,   849.89
  353.29,   598.84,   599.63
  353.82,   599.09,   724.63
  354.36,   599.34,   849.62
  356.82,   723.79,   599.36
  357.36,   724.04,   724.36
  357.90,   724.29,   849.36
  474.70,   470.35,   599.36
  475.24,   470.60,   724.36
  475.78,   470.86,   849.36
  478.23,   595.30,   599.10
  478.77,   595.55,   724.09
  479.31,   595.81,   849.09
  481.77,   720.25,   598.83
  482.31,   720.50,   723.83
  482.85,   720.76,   848.82
  599.65,   466.82,   598.83
  600.19,   467.07,   723.83
  600.73,   467.32,   848.83
  603.18,   591.76,   598.56
  603.72,   592.02,   723.56
  604.26,   592.27,   848.56
  606.72,   716.71,   598.30
  607.26,   716.97,   723.29
  607.80,   717.22,   848.29
  351.64,   600.47,   100.60
  352.53,   597.62,   225.57
  353.41,   594.76,   350.53
  354.02,   725.41,   103.44
  354.91,   722.56,   228.40
  355.79,   719.71,   353.37
  356.40,   850.36,   106.27
  357.28,   847.51,   231.24
  358.17,   844.66,   356.20
  476.62,   598.11,    99.67
  477.50,   595.26,   224.63
  478.38,   592.41,   349.59
  479.00,   723.06,   102.50
  479.88,   720.20,   227.47
  480.76,   717.35,   352.43
  481.37,   848.00,   105.34
  482.26,   845.15,   230.30
  483.14,   842.30,   355.26
  601.59,   595.75,    98.73
  602.47,   592.90,   223.69
  603.36,   590.05,   348.66
  603.97,   720.70,   101.56
  604.85,   717.85,   226.53
  605.74,   714.99,   351.49
  606.35,   845.64,   104.40
  607.23,   842.79,   229.36
  608.12,   839.94,   354.33
  349.24,   598.65,   224.24
  347.54,   597.57,   349.22
  345.83,   596.49,   474.20
  347.84,   723.63,   225.29
  346.13,   722.56,   350.28
  344.42,   721.48,   475.26
  346.44,   848.62,   226.35
  344.73,   847.55,   351.33
  343.02,   846.47,   476.32
  474.22,   600.03,   225.95
  472.52,   598.96,   350.94
  470.81,   597.88,   475.92
  472.82,   725.02,   227.01
  471.11,   723.95,   351.99
  469.41,   722.87,   476.98
  471.42,   850.01,   228.07
  469.71,   848.93,   353.05
  468.00,   847.86,   478.03
  599.21,   601.42,   227.67
  597.50,   600.35,   352.66
  595.79,   599.27,   477.64
  597.80,   726.41,   228.73
  596.09,   725.34,   353.71
  594.39,   724.26,   478.70
  596.40,   851.40,   229.79
  594.69,   850.32,   354.77
  592.98,   849.25,   479.75
  349.92,   600.56,   349.98
  351.84,   600.72,   474.96
  353.75,   600.87,   599.95
  349.64,   725.56,   349.83
  351.56,   725.72,   474.82
  353.48,   725.87,   599.80
  349.37,   850.56,   349.68
  351.29,   850.71,   474.67
  353.20,   850.87,   599.66
  474.90,   600.84,   348.06
  476.82,   600.99,   473.05
  478.74,   601.14,   598.03
  474.63,   725.84,   347.91
  476.55,   725.99,   472.90
  478.46,   726.14,   597.89
  474.35,   850.84,   347.77
  476.27,   850.99,   472.75
  478.19,   851.14,   597.74
  599.89,   601.11,   346.15
  601.81,   601.26,   471.13
  603.72,   601.41,   596.12
  599.61,   726.11,   346.00
  601.53,   726.26,   470.98
  603.45,   726.41,   595.97
  599.34,   851.11,   345.85
  601.26,   851.26,   470.84
  603.17,   851.41,   595.82
  349.26,   601.04,   474.92
  345.94,   601.90,   599.87
  342.61,   602.76,   724.82
  352.36,   726.00,   474.14
  349.04,   726.86,   599.09
  345.72,   727.72,   724.04
  355.47,   850.96,   473.36
  352.15,   851.82,   598.31
  348.83,   852.68,   723.27
  474.17,   597.96,   478.26
  470.85,   598.82,   603.21
  467.53,   599.68,   728.16
  477.28,   722.92,   477.48
  473.96,   723.78,   602.43
  470.64,   724.64,   727.39
  480.39,   847.88,   476.70
  477.07,   848.74,   601.66
  473.75,   849.60,   726.61
  599.09,   594.87,   481.60
  595.77,   595.73,   606.55
  592.45,   596.59,   731.50
  602.20,   719.83,   480.82
  598.88,   720.69,   605.77
  595.56,   721.55,   730.73
  605.30,   844.79,   480.04
  601.98,   845.65,   605.00
  598.66,   846.51,   729.95
  349.44,   600.73,   598.06
  347.15,   602.39,   723.02
  344.85,   604.06,   847.99
  348.75,   725.72,   596.38
  346.45,   727.38,   721.35
  344.16,   729.04,   846.31
  348.05,   850.70,   594.70
  345.76,   852.37,   719.67
  343.46,   854.03,   844.64
  474.42,   601.46,   600.34
  472.13,   603.12,   725.31
  469.83,   604.78,   850.28
  473.73,   726.44,   598.67
  471.43,   728.11,   723.63
  469.13,   729.77,   848.60
  473.03,   851.43,   596.99
  470.73,   853.09,   721.96
  468.44,   854.76,   846.93
  599.40,   602.18,   602.63
  597.10,   603.84,   727.60
  594.81,   605.51,   852.56
  598.70,   727.17,   600.95
  596.41,   728.83,   725.92
  594.11,   730.49,   850.89
  598.01,   852.16,   599.28
  595.71,   853.82,   724.24
  593.42,   855.48,   849.21
  473.51,    99.12,    98.32
  471.35,    97.60,   223.29
  469.19,    96.09,   348.27
  469.77,   224.06,    99.78
  467.61,   222.54,   224.75
  465.45,   221.02,   349.72
  466.03,   348.99,   101.23
  463.87,   347.47,   226.20
  461.71,   345.96,   351.17
  598.43,   102.83,   100.52
  596.27,   101.32,   225.50
  594.12,    99.80,   350.47
  594.69,   227.77,   101.98
  592.53,   226.25,   226.95
  590.38,   224.74,   351.92
  590.95,   352.71,   103.43
  588.79,   351.19,   228.40
  586.64,   349.67,   353.37
  723.36,   106.55,   102.73
  721.20,   105.03,   227.70
  719.04,   103.51,   352.67
  719.62,   231.48,   104.18
  717.46,   229.97,   229.15
  715.30,   228.45,   354.12
  715.88,   356.42,   105.63
  713.72,   354.90,   230.60
  711.56,   353.39,   355.58
  474.04,   101.00,   224.17
  471.40,    99.07,   349.12
  468.77,    97.14,   474.08
  473.76,   225.98,   226.09
  471.13,   224.05,   351.05
  468.49,   222.13,   476.00
  473.48,   350.97,   228.01
  470.85,   349.04,   352.97
  468.22,   347.11,   477.92
  599.01,   101.23,   226.80
  596.38,    99.31,   351.76
  593.74,    97.38,   476.72
  598.73,   226.22,   228.73
  596.10,   224.29,   353.68
  593.47,   222.36,   478.64
  598.46,   351.20,   230.65
  595.82,   349.28,   355.60
  593.19,   347.35,   480.56
  723.98,   101.47,   229.44
  721.35,    99.54,   354.40
  718.72,    97.61,   479.35
  723.70,   226.45,   231.36
  721.07,   224.53,   356.32
  718.44,   222.60,   481.28
  723.43,   351.44,   233.28
  720.79,   349.51,   358.24
  718.16,   347.58,   483.20
  475.98,    98.15,   348.41
  472.60,    95.19,   473.33
  469.21,    92.23,   598.25
  478.98,   223.08,   351.45
  475.59,   220.12,   476.37
  472.21,   217.16,   601.29
  481.98,   348.00,   354.49
  478.59,   345.05,   479.41
  475.21,   342.09,   604.33
  600.90,    95.07,   351.72
  597.51,    92.11,   476.64
  594.13,    89.16,   601.56
  603.90,   220.00,   354.76
  600.51,   217.04,   479.68
  597.13,   214.08,   604.60
  606.90,   344.92,   357.80
  603.51,   341.97,   482.72
  600.12,   339.01,   607.64
  725.82,    91.99,   355.04
  722.43,    89.03,   479.96
  719.05,    86.08,   604.88
  728.82,   216.92,   358.08
  725.43,   213.96,   483.00
  722.04,   211.00,   607.91
  731.82,   341.85,   361.11
  728.43,   338.89,   486.03
  725.04,   335.93,   610.95
  476.03,   101.66,   474.08
  478.32,    98.28,   599.01
  480.61,    94.89,   723.94
  475.23,   226.62,   477.48
  477.52,   223.23,   602.41
  479.81,   219.84,   727.35
  474.42,   351.57,   480.88
  476.71,   348.18,   605.82
  479.00,   344.79,   730.75
  601.01,   102.53,   471.81
  603.30,    99.14,   596.74
  605.59,    95.75,   721.67
  600.20,   227.48,   475.21
  602.49,   224.09,   600.15
  604.78,   220.70,   725.08
  599.40,   352.43,   478.62
  601.69,   349.04,   603.55
  603.98,   345.65,   728.48
  725.98,   103.40,   469.54
  728.27,   100.01,   594.47
  730.56,    96.62,   719.41
  725.18,   228.35,   472.94
  727.47,   224.96,   597.88
  729.76,   221.57,   722.81
  724.38,   353.30,   476.35
  726.67,   349.91,   601.28
  728.96,   346.52,   726.22
  475.04,    98.71,   599.58
  475.13,    95.63,   724.54
  475.22,    92.54,   849.50
  476.59,   223.66,   602.66
  476.68,   220.58,   727.62
  476.76,   217.49,   852.59
  478.14,   348.62,   605.75
  478.23,   345.53,   730.71
  478.31,   342.44,   855.67
  600.03,    97.17,   599.45
  600.12,    94.08,   724.42
  600.21,    90.99,   849.38
  601.58,   222.12,   602.54
  601.67,   219.03,   727.50
  601.75,   215.94,   852.46
  603.13,   347.07,   605.62
  603.22,   343.98,   730.59
  603.30,   340.90,   855.55
  725.02,    95.62,   599.33
  725.11,    92.53,   724.29
  725.20,    89.45,   849.25
  726.57,   220.57,   602.41
  726.66,   217.49,   727.38
  726.74,   214.40,   852.34
  728.12,   345.52,   605.50
  728.21,   342.44,   730.46
  728.29,   339.35,   855.42
  473.60,   224.02,    99.90
  477.12,   220.81,   224.81
  480.63,   217.60,   349.72
  474.46,   348.97,   103.08
  477.98,   345.77,   227.99
  481.50,   342.56,   352.90
  475.33,   473.93,   106.27
  478.85,   470.72,   231.18
  482.36,   467.51,   356.09
  598.55,   223.24,    96.36
  602.06,   220.03,   221.27
  605.58,   216.83,   346.18
  599.41,   348.20,    99.55
  602.93,   344.99,   224.45
  606.45,   341.78,   349.36
  600.28,   473.16,   102.73
  603.79,   469.95,   227.64
  607.31,   466.74,   352.55
  723.49,   222.47,    92.82
  727.01,   219.26,   217.73
  730.53,   216.05,   342.64
  724.36,   347.42,    96.01
  727.88,   344.22,   220.92
  731.39,   341.01,   345.83
  725.22,   472.38,    99.19
  728.74,   469.17,   224.10
  732.26,   465.96,   349.01
  473.76,   224.33,   225.84
  474.20,   221.03,   350.79
  474.63,   217.72,   475.75
  473.36,   349.29,   229.14
  473.79,   345.99,   354.10
  474.23,   342.68,   479.05
  472.96,   474.25,   232.45
  473.39,   470.94,   357.40
  473.83,   467.64,   482.36
  598.76,   224.75,   225.41
  599.19,   221.44,   350.37
  599.63,   218.14,   475.32
  598.36,   349.70,   228.72
  598.79,   346.40,   353.67
  599.23,   343.09,   478.63
  597.96,   474.66,   232.02
  598.39,   471.35,   356.98
  598.83,   468.05,   481.93
  723.76,   225.16,   224.99
  724.19,   221.86,   349.94
  724.63,   218.55,   474.90
  723.36,   350.12,   228.29
  723.79,   346.81,   353.25
  724.23,   343.51,   478.20
  722.95,   475.07,   231.60
  723.39,   471.77,   356.55
  723.82,   468.46,   481.51
  474.88,   226.87,   349.01
  473.73,   228.42,   474.00
  472.59,   229.98,   598.98
  472.01,   351.83,   347.43
  470.86,   353.38,   472.42
  469.72,   354.93,   597.40
  469.14,   476.79,   345.85
  467.99,   478.34,   470.84
  466.84,   479.89,   595.82
  599.84,   229.76,   350.12
  598.70,   231.31,   475.11
  597.55,   232.86,   600.09
  596.97,   354.72,   348.54
  595.82,   356.27,   473.53
  594.68,   357.82,   598.51
  594.10,   479.67,   346.97
  592.95,   481.22,   471.95
  591.81,   482.78,   596.94
  724.81,   232.64,   351.23
  723.66,   234.20,   476.22
  722.51,   235.75,   601.20
  721.93,   357.60,   349.66
  720.79,   359.15,   474.64
  719.64,   360.70,   599.63
  719.06,   482.56,   348.08
  717.91,   484.11,   473.06
  716.77,   485.66,   598.05
  473.50,   225.78,   474.35
  476.03,   226.92,   599.32
  478.56,   228.06,   724.29
  476.66,   350.73,   473.15
  479.19,   351.87,   598.11
  481.72,   353.01,   723.08
  479.82,   475.68,   471.94
  482.35,   476.82,   596.91
  484.88,   477.96,   721.88
  598.43,   222.59,   471.85
  600.96,   223.73,   596.82
  603.49,   224.87,   721.79
  601.59,   347.54,   470.65
  604.12,   348.68,   595.61
  606.65,   349.82,   720.58
  604.76,   472.50,   469.44
  607.29,   473.64,   594.41
  609.82,   474.78,   719.38
  723.36,   219.40,   469.35
  725.89,   220.54,   594.32
  728.42,   221.68,   719.29
  726.53,   344.36,   468.15
  729.06,   345.50,   593.11
  731.59,   346.64,   718.08
  729.69,   469.31,   466.94
  732.22,   470.45,   591.91
  734.75,   471.59,   716.88
  474.08,   226.63,   599.65
  475.29,   229.20,   724.62
  476.50,   231.77,   849.59
  476.42,   351.58,   597.06
  477.63,   354.15,   722.03
  478.85,   356.73,   846.99
  478.77,   476.54,   594.47
  479.98,   479.11,   719.43
  481.19,   481.68,   844.40
  599.05,   224.26,   598.49
  600.26,   226.83,   723.46
  601.47,   229.40,   848.42
  601.39,   349.21,   595.89
  602.61,   351.79,   720.86
  603.82,   354.36,   845.83
  603.74,   474.17,   593.30
  604.95,   476.74,   718.27
  606.16,   479.31,   843.24
  724.02,   221.89,   597.32
  725.23,   224.46,   722.29
  726.45,   227.03,   847.26
  726.37,   346.84,   594.73
  727.58,   349.42,   719.70
  728.79,   351.99,   844.67
  728.71,   471.80,   592.14
  729.92,   474.37,   717.11
  731.14,   476.94,   842.07
  473.51,   350.12,    98.59
  474.86,   349.68,   223.58
  476.20,   349.24,   348.58
  473.43,   475.12,    99.04
  474.77,   474.68,   224.03
  476.12,   474.24,   349.02
  473.34,   600.12,    99.48
  474.68,   599.68,   224.47
  476.03,   599.24,   349.46
  598.51,   350.22,    97.25
  599.85,   349.77,   222.24
  601.20,   349.33,   347.23
  598.42,   475.22,    97.69
  599.76,   474.77,   222.68
  601.11,   474.33,   347.68
  598.33,   600.22,    98.14
  599.68,   599.77,   223.13
  601.02,   599.33,   348.12
  723.50,   350.31,    95.90
  724.84,   349.87,   220.90
  726.19,   349.42,   345.89
  723.41,   475.31,    96.35
  724.76,   474.87,   221.34
  726.10,   474.42,   346.33
  723.32,   600.31,    96.79
  724.67,   599.87,   221.78
  726.01,   599.42,   346.78
  474.24,   351.79,   226.06
  474.01,   349.09,   351.03
  473.78,   346.39,   476.00
  471.56,   476.74,   228.75
  471.33,   474.04,   353.73
  471.10,   471.34,   478.70
  468.88,   601.68,   231.45
  468.65,   598.98,   356.42
  468.43,   596.28,   481.39
  599.21,   354.47,   226.35
  598.98,   351.77,   351.32
  598.75,   349.07,   476.29
  596.53,   479.41,   229.04
  596.30,   476.71,   354.01
  596.07,   474.01,   478.98
  593.85,   604.35,   231.73
  593.62,   601.65,   356.70
  593.40,   598.95,   481.67
  724.18,   357.14,   226.63
  723.95,   354.44,   351.60
  723.72,   351.74,   476.57
  721.50,   482.08,   229.32
  721.27,   479.38,   354.29
  721.05,   476.68,   479.26
  718.82,   607.02,   232.02
  718.59,   604.32,   356.99
  718.37,   601.63,   481.96
  474.64,   351.49,   349.96
  478.16,   348.57,   474.88
  481.68,   345.65,   599.80
  471.27,   476.41,   352.98
  474.79,   473.49,   477.90
  478.31,   470.56,   602.81
  467.90,   601.33,   356.00
  471.42,   598.41,   480.92
  474.94,   595.48,   605.83
  599.54,   354.94,   346.52
  603.06,   352.02,   471.44
  606.58,   349.10,   596.36
  596.17,   479.86,   349.54
  599.70,   476.94,   474.46
  603.22,   474.01,   599.37
  592.81,   604.78,   352.56
  596.33,   601.86,   477.48
  599.85,   598.93,   602.39
  724.45,   358.39,   343.08
  727.97,   355.47,   468.00
  731.49,   352.55,   592.92
  721.08,   483.31,   346.10
  724.60,   480.39,   471.02
  728.12,   477.46,   595.93
  717.71,   608.23,   349.12
  721.23,   605.31,   474.04
  724.75,   602.38,   598.95
  473.46,   350.87,   474.61
  473.97,   354.29,   599.56
  474.48,   357.72,   724.51
  470.91,   475.80,   471.19
  471.43,   479.22,   596.14
  471.94,   482.65,   721.10
  468.37,   600.72,   467.78
  468.88,   604.15,   592.73
  469.39,   607.57,   717.68
  598.43,   353.40,   474.02
  598.94,   356.82,   598.98
  599.46,   360.25,   723.93
  595.89,   478.33,   470.61
  596.40,   481.75,   595.56
  596.91,   485.18,   720.51
  593.34,   603.25,   467.20
  593.86,   606.68,   592.15
  594.37,   610.10,   717.10
  723.41,   355.93,   473.44
  723.92,   359.35,   598.40
  724.43,   362.78,   723.35
  720.86,   480.86,   470.03
  721.37,   484.28,   594.98
  721.89,   487.71,   719.93
  718.32,   605.78,   466.62
  718.83,   609.21,   591.57
  719.34,   612.63,   716.52
  475.19,   350.72,   598.98
  477.07,   351.93,   723.96
  478.95,   353.15,   848.94
  476.06,   475.71,   597.75
  477.94,   476.92,   722.73
  479.82,   478.14,   847.71
  476.93,   600.70,   596.52
  478.81,   601.91,   721.50
  480.69,   603.13,   846.48
  600.17,   349.83,   597.11
  602.05,   351.04,   722.09
  603.93,   352.26,   847.07
  601.04,   474.82,   595.88
  602.92,   476.03,   720.86
  604.80,   477.25,   845.84
  601.91,   599.81,   594.65
  603.79,   601.02,   719.63
  605.67,   602.24,   844.61
  725.15,   348.94,   595.24
  727.03,   350.15,   720.22
  728.91,   351.37,   845.20
  726.02,   473.93,   594.01
  727.90,   475.14,   718.99
  729.78,   476.36,   843.97
  726.89,   598.92,   592.78
  728.78,   600.13,   717.76
  730.66,   601.35,   842.74
  474.30,   473.60,   100.20
  475.03,   474.60,   225.19
  475.76,   475.60,   350.18
  476.73,   598.57,    99.18
  477.46,   599.57,   224.17
  478.19,   600.58,   349.17
  479.17,   723.54,    98.16
  479.90,   724.55,   223.15
  480.63,   725.55,   348.15
  599.27,   471.16,    99.49
  600.01,   472.16,   224.48
  600.74,   473.17,   349.47
  601.71,   596.13,    98.47
  602.44,   597.13,   223.46
  603.17,   598.14,   348.46
  604.14,   721.10,    97.45
  604.87,   722.11,   222.44
  605.60,   723.11,   347.44
  724.25,   468.72,    98.77
  724.98,   469.72,   223.77
  725.71,   470.73,   348.76
  726.68,   593.69,    97.76
  727.41,   594.70,   222.75
  728.14,   595.70,   347.74
  729.12,   718.66,    96.74
  729.85,   719.67,   221.73
  730.58,   720.67,   346.73
  476.32,   473.59,   223.91
  478.56,   477.17,   348.84
  480.79,   480.75,   473.76
  474.96,   598.54,   220.35
  477.20,   602.12,   345.28
  479.44,   605.69,   470.21
  473.61,   723.48,   216.80
  475.84,   727.06,   341.73
  478.08,   730.64,   466.65
  601.29,   474.89,   221.63
  603.53,   478.46,   346.56
  605.77,   482.04,   471.49
  599.93,   599.83,   218.08
  602.17,   603.41,   343.00
  604.41,   606.98,   467.93
  598.58,   724.77,   214.52
  600.82,   728.35,   339.45
  603.06,   731.93,   464.38
  726.26,   476.18,   219.35
  728.50,   479.76,   344.28
  730.74,   483.33,   469.21
  724.91,   601.12,   215.80
  727.14,   604.70,   340.73
  729.38,   608.28,   465.66
  723.55,   726.06,   212.24
  725.79,   729.64,   337.17
  728.03,   733.22,   462.10
  474.68,   473.49,   348.32
  474.50,   475.85,   473.29
  474.32,   478.22,   598.27
  471.13,   598.42,   345.95
  470.95,   600.78,   470.93
  470.78,   603.14,   595.91
  467.59,   723.35,   343.59
  467.41,   725.71,   468.56
  467.23,   728.07,   593.54
  599.63,   477.04,   348.43
  599.45,   479.40,   473.40
  599.27,   481.76,   598.38
  596.08,   601.97,   346.06
  595.90,   604.33,   471.04
  595.73,   606.69,   596.02
  592.54,   726.89,   343.70
  592.36,   729.26,   468.67
  592.18,   731.62,   593.65
  724.57,   480.58,   348.54
  724.40,   482.95,   473.52
  724.22,   485.31,   598.49
  721.03,   605.51,   346.17
  720.85,   607.87,   471.15
  720.68,   610.23,   596.13
  717.49,   730.44,   343.81
  717.31,   732.80,   468.78
  717.13,   735.16,   593.76
  476.00,   474.23,   474.38
  476.05,   471.52,   599.35
  476.10,   468.81,   724.32
  475.52,   599.20,   477.09
  475.57,   596.49,   602.06
  475.62,   593.78,   727.03
  475.04,   724.17,   479.80
  475.09,   721.46,   604.77
  475.14,   718.75,   729.74
  601.00,   474.71,   474.34
  601.05,   472.00,   599.31
  601.10,   469.29,   724.28
  600.52,   599.68,   477.05
  600.57,   596.97,   602.02
  600.62,   594.26,   726.99
  600.03,   724.65,   479.76
  600.08,   721.94,   604.73
  600.14,   719.23,   729.70
  726.00,   475.20,   474.30
  726.05,   472.49,   599.27
  726.10,   469.78,   724.24
  725.52,   600.17,   477.01
  725.57,   597.46,   601.98
  725.62,   594.75,   726.95
  725.03,   725.14,   479.72
  725.08,   722.43,   604.69
  725.13,   719.72,   729.66
  474.17,   476.63,   599.07
  472.85,   478.22,   724.06
  471.53,   479.81,   849.04
  471.52,   601.59,   597.45
  470.20,   603.18,   722.44
  468.88,   604.77,   847.42
  468.86,   726.55,   595.83
  467.54,   728.14,   720.82
  466.22,   729.73,   845.80
  599.14,   479.30,   600.36
  597.82,   480.89,   725.34
  596.50,   482.48,   850.32
  596.48,   604.26,   598.74
  595.16,   605.85,   723.72
  593.84,   607.44,   848.70
  593.83,   729.22,   597.12
  592.51,   730.81,   722.10
  591.19,   732.40,   847.08
  724.10,   481.97,   601.64
  722.78,   483.56,   726.63
  721.46,   485.15,   851.61
  721.45,   606.93,   600.02
  720.13,   608.52,   725.01
  718.81,   610.11,   849.99
  718.79,   731.89,   598.40
  717.47,   733.48,   723.39
  716.15,   735.07,   848.37
  473.17,   601.95,    99.17
  470.86,   603.80,   224.14
  468.55,   605.66,   349.10
  474.18,   726.93,    97.34
  471.87,   728.79,   222.30
  469.56,   730.64,   347.27
  475.18,   851.91,    95.50
  472.87,   853.77,   220.47
  470.56,   855.62,   345.43
  598.15,   600.98,   101.50
  595.84,   602.83,   226.46
  593.53,   604.69,   351.43
  599.15,   725.96,    99.66
  596.84,   727.82,   224.63
  594.53,   729.67,   349.59
  600.15,   850.94,    97.82
  597.84,   852.80,   222.79
  595.53,   854.65,   347.75
  723.12,   600.01,   103.82
  720.81,   601.86,   228.79
  718.50,   603.72,   353.75
  724.12,   724.99,   101.98
  721.82,   726.85,   226.95
  719.51,   728.70,   351.91
  725.13,   849.98,   100.15
  722.82,   851.83,   225.11
  720.51,   853.68,   350.08
  475.25,   599.79,   226.82
  476.38,   596.93,   351.78
  477.51,   594.06,   476.75
  477.56,   724.73,   229.66
  478.69,   721.87,   354.62
  479.82,   719.01,   479.59
  479.87,   849.68,   232.50
  481.00,   846.82,   357.46
  482.13,   843.96,   482.43
  600.22,   597.50,   225.64
  601.35,   594.64,   350.60
  602.49,   591.78,   475.56
  602.53,   722.45,   228.48
  603.66,   719.59,   353.44
  604.80,   716.73,   478.40
  604.84,   847.40,   231.32
  605.97,   844.54,   356.28
  607.10,   841.68,   481.24
  725.20,   595.22,   224.45
  726.33,   592.36,   349.41
  727.46,   589.50,   474.38
  727.50,   720.17,   227.29
  728.64,   717.31,   352.25
  729.77,   714.45,   477.22
  729.81,   845.11,   230.13
  730.95,   842.25,   355.09
  732.08,   839.39,   480.06
  473.47,   599.76,   350.25
  470.92,   598.10,   475.21
  468.37,   596.44,   600.17
  472.74,   724.74,   351.89
  470.19,   723.08,   476.85
  467.64,   721.42,   601.82
  472.01,   849.73,   353.53
  469.46,   848.07,   478.50
  466.91,   846.41,   603.46
  598.45,   600.45,   352.81
  595.90,   598.79,   477.77
  593.34,   597.13,   602.73
  597.72,   725.44,   354.45
  595.17,   723.78,   479.41
  592.61,   722.12,   604.38
  596.99,   850.43,   356.09
  594.44,   848.77,   481.06
  591.89,   847.11,   606.02
  723.42,   601.15,   355.37
  720.87,   599.49,   480.33
  718.32,   597.83,   605.29
  722.69,   726.13,   357.01
  720.14,   724.48,   481.97
  717.59,   722.82,   606.94
  721.96,   851.12,   358.65
  719.41,   849.46,   483.62
  716.86,   847.80,   608.58
  475.12,   598.40,   474.86
  478.46,   599.74,   599.81
  481.80,   601.09,   724.75
  474.69,   723.39,   473.52
  478.03,   724.74,   598.47
  481.37,   726.08,   723.42
  474.26,   848.38,   472.19
  477.60,   849.73,   597.13
  480.94,   851.07,   722.08
  600.08,   598.79,   471.51
  603.41,   600.14,   596.46
  606.75,   601.49,   721.41
  599.64,   723.78,   470.18
  602.98,   725.13,   595.13
  606.32,   726.48,   720.08
  599.21,   848.78,   468.84
  602.55,   850.12,   593.79
  605.89,   851.47,   718.74
  725.03,   599.19,   468.17
  728.37,   600.53,   593.12
  731.71,   601.88,   718.07
  724.60,   724.18,   466.84
  727.94,   725.53,   591.78
  731.28,   726.87,   716.73
  724.17,   849.17,   465.50
  727.51,   850.52,   590.45
  730.84,   851.87,   715.40
  473.41,   600.61,   598.75
  474.41,   601.79,   723.75
  475.41,   602.96,   848.74
  471.77,   725.60,   597.59
  472.77,   726.77,   722.58
  473.77,   727.95,   847.57
  470.13,   850.58,   596.43
  471.13,   851.76,   721.42
  472.13,   852.93,   846.41
  598.40,   602.25,   597.74
  599.40,   603.42,   722.73
  600.40,   604.59,   847.72
  596.75,   727.23,   596.58
  597.76,   728.40,   721.57
  598.76,   729.58,   846.56
  595.11,   852.21,   595.42
  596.11,   853.39,   720.41
  597.12,   854.56,   845.40
  723.38,   603.88,   596.72
  724.38,   605.05,   721.71
  725.38,   606.23,   846.70
  721.74,   728.86,   595.56
  722.74,   730.04,   720.55
  723.74,   731.21,   845.54
  720.10,   853.85,   594.40
  721.10,   855.02,   719.39
  722.10,   856.19,   844.38
  601.01,    99.48,    98.05
  597.35,    99.25,   223.00
  593.69,    99.01,   347.95
  601.81,   224.48,    98.31
  598.15,   224.24,   223.26
  594.49,   224.01,   348.20
  602.61,   349.48,    98.57
  598.95,   349.24,   223.51
  595.29,   349.01,   348.46
  725.95,    98.67,   101.71
  722.29,    98.44,   226.65
  718.64,    98.20,   351.60
  726.75,   223.67,   101.96
  723.09,   223.44,   226.91
  719.44,   223.20,   351.86
  727.55,   348.67,   102.22
  723.89,   348.43,   227.17
  720.24,   348.20,   352.12
  850.89,    97.87,   105.36
  847.24,    97.63,   230.31
  843.58,    97.40,   355.25
  851.69,   222.86,   105.62
  848.04,   222.63,   230.57
  844.38,   222.39,   355.51
  852.49,   347.86,   105.88
  848.84,   347.63,   230.82
  845.18,   347.39,   355.77
  600.07,   100.58,   223.92
  600.07,   104.25,   348.86
  600.08,   107.92,   473.81
  600.56,   225.53,   220.25
  600.56,   229.19,   345.19
  600.56,   232.86,   470.14
  601.04,   350.47,   216.58
  601.05,   354.14,   341.53
  601.05,   357.81,   466.47
  725.07,   100.09,   223.93
  725.07,   103.76,   348.87
  725.08,   107.43,   473.82
  725.56,   225.04,   220.26
  725.56,   228.71,   345.21
  725.56,   232.38,   470.15
  726.04,   349.99,   216.59
  726.04,   353.65,   341.54
  726.05,   357.32,   466.48
  850.07,    99.61,   223.94
  850.07,   103.28,   348.89
  850.07,   106.95,   473.83
  850.56,   224.55,   220.27
  850.56,   228.22,   345.22
  850.56,   231.89,   470.16
  851.04,   349.50,   216.60
  851.04,   353.17,   341.55
  851.05,   356.84,   466.49
  601.19,   100.59,   350.30
  601.43,    98.50,   475.29
  601.68,    96.40,   600.27
  600.64,   225.58,   352.40
  600.89,   223.48,   477.38
  601.14,   221.38,   602.36
  600.10,   350.56,   354.50
  600.35,   348.46,   479.48
  600.59,   346.36,   604.46
  726.19,   101.14,   350.07
  726.43,    99.04,   475.05
  726.68,    96.95,   600.03
  725.64,   226.12,   352.16
  725.89,   224.03,   477.15
  726.13,   221.93,   602.13
  725.10,   351.10,   354.26
  725.35,   349.01,   479.24
  725.59,   346.91,   604.23
  851.18,   101.69,   349.83
  851.43,    99.59,   474.81
  851.67,    97.49,   599.80
  850.64,   226.67,   351.93
  850.89,   224.57,   476.91
  851.13,   222.48,   601.89
  850.10,   351.65,   354.03
  850.35,   349.55,   479.01
  850.59,   347.46,   603.99
  600.94,   100.81,   474.98
  598.94,   103.89,   599.93
  596.94,   106.98,   724.87
  597.93,   225.73,   471.85
  595.92,   228.82,   596.79
  593.92,   231.90,   721.74
  594.91,   350.66,   468.72
  592.91,   353.74,   593.66
  590.90,   356.83,   718.61
  725.89,   103.87,   476.91
  723.89,   106.96,   601.85
  721.88,   110.04,   726.80
  722.87,   228.80,   473.78
  720.87,   231.88,   598.72
  718.87,   234.97,   723.67
  719.86,   353.72,   470.64
  717.86,   356.81,   595.59
  715.85,   359.89,   720.54
  850.84,   106.94,   478.84
  848.84,   110.02,   603.78
  846.83,   113.11,   728.73
  847.82,   231.86,   475.70
  845.82,   234.95,   600.65
  843.82,   238.03,   725.60
  844.81,   356.79,   472.57
  842.80,   359.87,   597.52
  840.80,   362.96,   722.46
  600.00,    99.74,   598.93
  602.62,    99.37,   723.90
  605.24,    99.00,   848.87
  599.73,   224.74,   599.31
  602.35,   224.37,   724.28
  604.97,   224.00,   849.25
  599.46,   349.74,   599.69
  602.08,   349.37,   724.66
  604.70,   348.99,   849.63
  724.97,   100.02,   596.31
  727.59,    99.64,   721.28
  730.21,    99.27,   846.26
  724.70,   225.02,   596.69
  727.32,   224.64,   721.66
  729.94,   224.27,   846.63
  724.43,   350.02,   597.07
  727.05,   349.64,   722.04
  729.67,   349.27,   847.01
  849.94,   100.29,   593.69
  852.56,    99.92,   718.67
  855.18,    99.55,   843.64
  849.67,   225.29,   594.07
  852.29,   224.92,   719.04
  854.91,   224.55,   844.02
  849.41,   350.29,   594.45
  852.03,   349.92,   719.42
  854.65,   349.55,   844.39
  598.63,   225.04,   100.57
  598.09,   227.29,   225.55
  597.55,   229.53,   350.53
  597.94,   350.02,    98.32
  597.40,   352.26,   223.30
  596.86,   354.51,   348.28
  597.25,   475.00,    96.07
  596.71,   477.24,   221.05
  596.17,   479.49,   346.03
  723.62,   225.74,   101.10
  723.08,   227.98,   226.08
  722.54,   230.23,   351.05
  722.93,   350.72,    98.85
  722.39,   352.96,   223.83
  721.85,   355.21,   348.81
  722.25,   475.70,    96.60
  721.71,   477.94,   221.58
  721.17,   480.19,   346.56
  848.62,   226.44,   101.62
  848.08,   228.68,   226.60
  847.54,   230.93,   351.58
  847.93,   351.42,    99.38
  847.39,   353.66,   224.36
  846.85,   355.91,   349.33
  847.24,   476.39,    97.13
  846.70,   478.64,   222.11
  846.16,   480.88,   347.09
  601.49,   226.06,   225.95
  602.29,   226.05,   350.95
  603.08,   226.04,   475.95
  598.55,   351.03,   225.98
  599.35,   351.01,   350.98
  600.15,   351.00,   475.98
  595.62,   475.99,   226.02
  596.42,   475.98,   351.01
  597.21,   475.97,   476.01
  726.45,   229.00,   225.15
  727.25,   228.98,   350.15
  728.05,   228.97,   475.15
  723.52,   353.96,   225.19
  724.31,   353.95,   350.18
  725.11,   353.93,   475.18
  720.58,   478.93,   225.22
  721.38,   478.91,   350.22
  722.18,   478.90,   475.21
  851.41,   231.93,   224.36
  852.21,   231.92,   349.36
  853.01,   231.90,   474.35
  848.48,   356.90,   224.39
  849.28,   356.88,   349.39
  850.07,   356.87,   474.39
  845.55,   481.86,   224.42
  846.34,   481.85,   349.42
  847.14,   481.83,   474.42
  600.37,   223.81,   348.08
  600.85,   225.15,   473.07
  601.33,   226.48,   598.06
  602.55,   348.78,   346.74
  603.03,   350.12,   471.73
  603.51,   351.45,   596.72
  604.72,   473.76,   345.39
  605.20,   475.09,   470.39
  605.68,   476.43,   595.38
  725.35,   221.63,   347.62
  725.83,   222.97,   472.61
  726.31,   224.30,   597.61
  727.53,   346.60,   346.28
  728.01,   347.94,   471.27
  728.49,   349.27,   596.26
  729.70,   471.58,   344.94
  730.18,   472.91,   469.93
  730.66,   474.25,   594.92
  850.33,   219.45,   347.16
  850.81,   220.79,   472.16
  851.29,   222.12,   597.15
  852.51,   344.42,   345.82
  852.99,   345.76,   470.81
  853.47,   347.09,   595.80
  854.68,   469.40,   344.48
  855.16,   470.73,   469.47
  855.64,   472.07,   594.46
  599.13,   224.08,   473.34
  599.50,   223.79,   598.34
  599.88,   223.50,   723.34
  598.29,   349.08,   473.63
  598.67,   348.78,   598.63
  599.04,   348.49,   723.63
  597.46,   474.07,   473.93
  597.83,   473.78,   598.93
  598.21,   473.49,   723.92
  724.13,   224.92,   472.97
  724.50,   224.62,   597.96
  724.87,   224.33,   722.96
  723.29,   349.91,   473.26
  723.66,   349.62,   598.26
  724.04,   349.33,   723.26
  722.46,   474.91,   473.55
  722.83,   474.62,   598.55
  723.20,   474.33,   723.55
  849.12,   225.75,   472.59
  849.50,   225.46,   597.59
  849.87,   225.17,   722.59
  848.29,   350.75,   472.89
  848.66,   350.46,   597.89
  849.03,   350.17,   722.89
  847.45,   475.75,   473.18
  847.83,   475.45,   598.18
  848.20,   475.16,   723.18
  598.84,   225.44,   598.93
  597.87,   225.03,   723.93
  596.91,   224.62,   848.92
  601.98,   350.40,   599.37
  601.01,   349.99,   724.36
  600.05,   349.58,   849.36
  605.12,   475.36,   599.80
  604.16,   474.95,   724.80
  603.19,   474.54,   849.79
  723.79,   222.29,   599.89
  722.83,   221.88,   724.88
  721.86,   221.47,   849.88
  726.94,   347.25,   600.32
  725.97,   346.84,   725.32
  725.01,   346.43,   850.31
  730.08,   472.21,   600.76
  729.12,   471.80,   725.75
  728.15,   471.39,   850.75
  848.75,   219.15,   600.84
  847.78,   218.74,   725.84
  846.82,   218.32,   850.83
  851.89,   344.11,   601.28
  850.93,   343.70,   726.27
  849.96,   343.28,   851.27
  855.04,   469.07,   601.71
  854.07,   468.66,   726.71
  853.11,   468.24,   851.70
  598.00,   351.88,   101.14
  599.29,   352.15,   226.13
  600.57,   352.43,   351.12
  594.68,   476.83,   100.90
  595.96,   477.11,   225.89
  597.25,   477.39,   350.88
  591.35,   601.79,   100.65
  592.64,   602.06,   225.65
  593.92,   602.34,   350.64
  722.95,   355.20,    99.85
  724.23,   355.47,   224.84
  725.52,   355.75,   349.83
  719.63,   480.15,    99.60
  720.91,   480.43,   224.60
  722.20,   480.71,   349.59
  716.30,   605.11,    99.36
  717.59,   605.38,   224.36
  718.87,   605.66,   349.35
  847.90,   358.52,    98.55
  849.18,   358.79,   223.55
  850.47,   359.07,   348.54
  844.58,   483.47,    98.31
  845.86,   483.75,   223.31
  847.15,   484.03,   348.30
  841.25,   608.43,    98.07
  842.54,   608.70,   223.06
  843.82,   608.98,   348.06
  598.25,   349.46,   225.20
  596.79,   347.92,   350.19
  595.34,   346.38,   475.17
  595.16,   474.41,   226.71
  593.71,   472.87,   351.69
  592.25,   471.33,   476.67
  592.08,   599.36,   228.21
  590.62,   597.83,   353.19
  589.16,   596.29,   478.17
  723.20,   352.53,   226.70
  721.75,   350.99,   351.68
  720.29,   349.45,   476.66
  720.12,   477.48,   228.20
  718.66,   475.94,   353.18
  717.20,   474.40,   478.16
  717.03,   602.43,   229.70
  715.57,   600.89,   354.68
  714.12,   599.35,   479.67
  848.16,   355.59,   228.19
  846.70,   354.06,   353.17
  845.24,   352.52,   478.16
  845.07,   480.55,   229.69
  843.61,   479.01,   354.68
  842.16,   477.47,   479.66
  841.99,   605.50,   231.20
  840.53,   603.96,   356.18
  839.07,   602.42,   481.16
  599.96,   348.15,   350.88
  600.92,   347.89,   475.88
  601.88,   347.62,   600.88
  602.06,   473.13,   351.13
  603.02,   472.87,   476.13
  603.98,   472.61,   601.12
  604.17,   598.11,   351.38
  605.13,   597.85,   476.37
  606.09,   597.59,   601.37
  724.94,   346.05,   349.92
  725.89,   345.78,   474.92
  726.85,   345.52,   599.91
  727.04,   471.03,   350.17
  728.00,   470.76,   475.16
  728.96,   470.50,   600.16
  729.15,   596.01,   350.41
  730.11,   595.75,   475.41
  731.07,   595.48,   600.41
  849.91,   343.94,   348.96
  850.87,   343.68,   473.95
  851.83,   343.42,   598.95
  852.02,   468.92,   349.20
  852.98,   468.66,   474.20
  853.94,   468.40,   599.20
  854.13,   593.90,   349.45
  855.09,   593.64,   474.45
  856.05,   593.38,   599.44
  599.30,   348.39,   476.75
  600.32,   348.48,   601.75
  601.33,   348.56,   726.75
  601.11,   473.38,   476.65
  602.12,   473.46,   601.65
  603.13,   473.55,   726.64
  602.91,   598.36,   476.55
  603.92,   598.45,   601.55
  604.93,   598.54,   726.54
  724.29,   346.59,   475.74
  725.30,   346.67,   600.74
  726.31,   346.76,   725.73
  726.09,   471.57,   475.64
  727.10,   471.66,   600.64
  728.11,   471.75,   725.63
  727.89,   596.56,   475.54
  728.90,   596.65,   600.54
  729.92,   596.74,   725.53
  849.27,   344.79,   474.73
  850.28,   344.87,   599.73
  851.30,   344.96,   724.72
  851.07,   469.77,   474.63
  852.08,   469.86,   599.63
  853.10,   469.95,   724.62
  852.87,   594.76,   474.53
  853.89,   594.85,   599.52
  854.90,   594.93,   724.52
  600.32,   351.52,   598.44
  600.61,   354.53,   723.41
  600.91,   357.54,   848.37
  599.55,   476.49,   595.44
  599.84,   479.49,   720.40
  600.14,   482.50,   845.36
  598.78,   601.45,   592.43
  599.07,   604.45,   717.40
  599.37,   607.46,   842.36
  725.32,   352.29,   598.13
  725.61,   355.29,   723.09
  725.91,   358.30,   848.06
  724.55,   477.25,   595.12
  724.84,   480.25,   720.09
  725.14,   483.26,   845.05
  723.78,   602.21,   592.12
  724.07,   605.22,   717.08
  724.37,   608.22,   842.05
  850.31,   353.05,   597.82
  850.61,   356.06,   722.78
  850.90,   359.06,   847.74
  849.54,   478.01,   594.81
  849.84,   481.02,   719.77
  850.13,   484.02,   844.74
  848.77,   602.97,   591.81
  849.07,   605.98,   716.77
  849.36,   608.99,   841.73
  598.61,   475.06,   101.52
  600.31,   474.32,   226.51
  602.00,   473.57,   351.49
  597.62,   600.06,   102.28
  599.31,   599.31,   227.27
  601.01,   598.56,   352.25
  596.62,   725.05,   103.04
  598.32,   724.30,   228.03
  600.01,   723.56,   353.01
  723.60,   476.07,    99.83
  725.29,   475.32,   224.82
  726.99,   474.58,   349.80
  722.60,   601.06,   100.59
  724.30,   600.32,   225.58
  725.99,   599.57,   350.56
  721.61,   726.06,   101.35
  723.30,   725.31,   226.34
  725.00,   724.56,   351.32
  848.58,   477.08,    98.14
  850.28,   476.33,   223.13
  851.97,   475.58,   348.11
  847.59,   602.07,    98.90
  849.28,   601.32,   223.89
  850.98,   600.58,   348.87
  846.59,   727.06,    99.66
  848.29,   726.32,   224.65
  849.98,   725.57,   349.63
  599.91,   475.71,   224.07
  597.43,   478.01,   349.03
  594.96,   480.30,   473.98
  601.61,   600.68,   221.81
  599.14,   602.97,   346.76
  596.67,   605.27,   471.72
  603.31,   725.64,   219.55
  600.84,   727.94,   344.50
  598.37,   730.24,   469.45
  724.87,   474.05,   226.58
  722.40,   476.35,   351.53
  719.93,   478.65,   476.49
  726.57,   599.02,   224.31
  724.10,   601.32,   349.27
  721.63,   603.61,   474.22
  728.27,   723.99,   222.05
  725.80,   726.28,   347.00
  723.33,   728.58,   471.96
  849.83,   472.39,   229.08
  847.36,   474.69,   354.03
  844.89,   476.99,   478.99
  851.54,   597.36,   226.81
  849.06,   599.66,   351.77
  846.59,   601.96,   476.72
  853.24,   722.33,   224.55
  850.77,   724.63,   349.50
  848.30,   726.93,   474.46
  600.83,   474.12,   351.16
  602.34,   475.79,   476.14
  603.84,   477.45,   601.12
  600.62,   599.11,   349.49
  602.13,   600.77,   474.47
  603.63,   602.44,   599.45
  600.41,   724.10,   347.83
  601.92,   725.76,   472.81
  603.43,   727.43,   597.79
  725.82,   474.31,   349.65
  727.33,   475.97,   474.63
  728.83,   477.64,   599.61
  725.61,   599.30,   347.99
  727.12,   600.96,   472.97
  728.62,   602.63,   597.95
  725.40,   724.29,   346.32
  726.91,   725.95,   471.30
  728.42,   727.62,   596.28
  850.81,   474.50,   348.14
  852.32,   476.16,   473.12
  853.82,   477.83,   598.10
  850.60,   599.48,   346.48
  852.11,   601.15,   471.46
  853.62,   602.82,   596.44
  850.39,   724.47,   344.81
  851.90,   726.14,   469.79
  853.41,   727.80,   594.77
  600.33,   474.58,   474.44
  600.49,   471.65,   599.40
  600.65,   468.72,   724.37
  603.74,   599.50,   477.36
  603.90,   596.57,   602.33
  604.06,   593.64,   727.30
  607.15,   724.42,   480.29
  607.31,   721.49,   605.26
  607.47,   718.56,   730.22
  725.29,   471.18,   474.20
  725.44,   468.25,   599.17
  725.60,   465.31,   724.13
  728.70,   596.10,   477.13
  728.85,   593.17,   602.09
  729.01,   590.23,   727.06
  732.10,   721.02,   480.05
  732.26,   718.08,   605.02
  732.42,   715.15,   729.99
  850.24,   467.77,   473.96
  850.40,   464.84,   598.93
  850.56,   461.91,   723.89
  853.65,   592.69,   476.89
  853.81,   589.76,   601.85
  853.96,   586.83,   726.82
  857.06,   717.61,   479.82
  857.22,   714.68,   604.78
  857.37,   711.75,   729.75
  600.44,   476.66,   598.85
  599.47,   476.87,   723.85
  598.49,   477.08,   848.84
  596.83,   601.61,   598.62
  595.86,   601.82,   723.61
  594.88,   602.02,   848.61
  593.22,   726.56,   598.38
  592.25,   726.77,   723.38
  591.28,   726.97,   848.38
  725.39,   480.27,   599.82
  724.41,   480.48,   724.82
  723.44,   480.69,   849.81
  721.78,   605.22,   599.59
  720.80,   605.43,   724.58
  719.83,   605.63,   849.58
  718.17,   730.17,   599.35
  717.19,   730.38,   724.35
  716.22,   730.58,   849.34
  850.33,   483.88,   600.79
  849.36,   484.09,   725.78
  848.38,   484.30,   850.78
  846.72,   608.83,   600.55
  845.75,   609.04,   725.55
  844.77,   609.24,   850.55
  843.11,   733.78,   600.32
  842.14,   733.99,   725.32
  841.16,   734.19,   850.31
  601.63,   600.41,   101.48
  599.87,   598.25,   226.45
  598.11,   596.09,   351.42
  600.88,   725.39,   103.63
  599.11,   723.23,   228.60
  597.35,   721.07,   353.57
  600.12,   850.37,   105.78
  598.35,   848.21,   230.74
  596.59,   846.05,   355.71
  726.62,   601.14,   103.26
  724.86,   598.98,   228.22
  723.09,   596.82,   353.19
  725.86,   726.12,   105.40
  724.10,   723.96,   230.37
  722.33,   721.80,   355.34
  725.10,   851.10,   107.55
  723.34,   848.94,   232.52
  721.58,   846.78,   357.49
  851.60,   601.87,   105.03
  849.84,   599.71,   230.00
  848.08,   597.55,   354.97
  850.85,   726.85,   107.18
  849.08,   724.69,   232.15
  847.32,   722.53,   357.12
  850.09,   851.83,   109.33
  848.32,   849.67,   234.30
  846.56,   847.51,   359.27
  600.24,   601.00,   224.75
  600.29,   599.07,   349.73
  600.34,   597.14,   474.72
  601.56,   725.98,   226.68
  601.61,   724.05,   351.67
  601.66,   722.11,   476.65
  602.89,   850.96,   228.61
  602.94,   849.03,   353.60
  602.99,   847.09,   478.58
  725.24,   599.68,   224.68
  725.28,   597.75,   349.66
  725.33,   595.81,   474.65
  726.56,   724.66,   226.61
  726.61,   722.73,   351.60
  726.66,   720.79,   476.58
  727.88,   849.64,   228.55
  727.93,   847.71,   353.53
  727.98,   845.77,   478.52
  850.23,   598.36,   224.61
  850.28,   596.43,   349.59
  850.33,   594.49,   474.58
  851.55,   723.34,   226.54
  851.60,   721.41,   351.53
  851.65,   719.47,   476.51
  852.87,   848.32,   228.48
  852.92,   846.38,   353.46
  852.97,   844.45,   478.45
  600.52,   599.83,   348.46
  601.39,   597.84,   473.44
  602.26,   595.85,   598.42
  599.08,   724.81,   350.46
  599.95,   722.82,   475.44
  600.81,   720.82,   600.42
  597.63,   849.78,   352.47
  598.50,   847.79,   477.45
  599.37,   845.80,   602.43
  725.51,   601.29,   347.61
  726.38,   599.30,   472.60
  727.25,   597.30,   597.58
  724.07,   726.27,   349.62
  724.93,   724.27,   474.60
  725.80,   722.28,   599.58
  722.62,   851.24,   351.62
  723.49,   849.25,   476.60
  724.36,   847.26,   601.58
  850.50,   602.75,   346.77
  851.37,   600.76,   471.75
  852.24,   598.76,   596.73
  849.05,   727.72,   348.77
  849.92,   725.73,   473.75
  850.79,   723.74,   598.73
  847.61,   852.70,   350.77
  848.48,   850.71,   475.76
  849.35,   848.71,   600.74
  598.99,   601.34,   473.00
  597.12,   602.86,   597.98
  595.25,   604.38,   722.95
  595.33,   726.27,   471.42
  593.46,   727.80,   596.40
  591.59,   729.32,   721.38
  591.67,   851.21,   469.85
  589.80,   852.73,   594.82
  587.93,   854.26,   719.80
  723.92,   605.02,   474.82
  722.05,   606.54,   599.80
  720.18,   608.06,   724.78
  720.26,   729.96,   473.25
  718.39,   731.48,   598.22
  716.52,   733.00,   723.20
  716.60,   854.89,   471.67
  714.74,   856.41,   596.65
  712.87,   857.94,   721.62
  848.85,   608.70,   476.65
  846.98,   610.22,   601.62
  845.11,   611.74,   726.60
  845.19,   733.64,   475.07
  843.33,   735.16,   600.05
  841.46,   736.68,   725.02
  841.54,   858.57,   473.49
  839.67,   860.09,   598.47
  837.80,   861.62,   723.45
  600.70,   599.11,   600.63
  603.88,   595.93,   725.55
  607.06,   592.75,   850.47
  601.16,   724.07,   603.80
  604.35,   720.89,   728.72
  607.53,   717.71,   853.64
  601.63,   849.03,   606.97
  604.81,   845.85,   731.89
  607.99,   842.67,   856.81
  725.66,   598.73,   597.44
  728.84,   595.55,   722.36
  732.02,   592.37,   847.28
  726.12,   723.69,   600.61
  729.30,   720.51,   725.53
  732.48,   717.33,   850.45
  726.59,   848.65,   603.78
  729.77,   845.47,   728.70
  732.95,   842.29,   853.62
  850.62,   598.35,   594.25
  853.80,   595.17,   719.17
  856.98,   591.99,   844.09
  851.08,   723.31,   597.42
  854.26,   720.13,   722.34
  857.44,   716.94,   847.26
  851.55,   848.27,   600.59
  854.73,   845.08,   725.51
  857.91,   841.90,   850.43
