pa1-debug-e-auxilliary1.txt
EM distortion factor =     0.0200
EM noise =       0.00
Optical tracker jiggle factor =     0.0100
EM pivot post actual position =   202.33,   197.78,   192.70
EM pivot post est    position =   201.06,   197.62,   194.53
Optical pivot post actual position =   392.36,   390.42,   200.78
Optical pivot post est    position =   392.36,   390.42,   200.78
Cal EM observed - cal EM estimated
  0:    -3.22,    -0.32,     2.68
  1:    -0.56,    -0.42,     3.55
  2:     1.80,    -0.70,     1.79
  3:     2.67,    -1.76,     0.81
  4:     3.13,     1.52,    -1.69
  5:     3.49,     3.57,    -3.49
  6:     3.92,    -1.66,    -1.19
  7:     4.47,     3.97,    -4.29
  8:     5.28,     7.17,    -4.69
  9:    -5.24,    -0.87,     3.51
 10:    -3.04,     0.51,     5.72
 11:     0.70,     2.38,     4.81
 12:    -2.21,    -4.95,     2.15
 13:    -1.89,    -1.06,     0.11
 14:    -0.44,     2.73,    -1.23
 15:     1.81,    -6.22,    -0.28
 16:     1.63,    -1.21,    -4.40
 17:     0.93,     3.13,    -5.33
 18:    -4.54,    -1.21,     0.11
 19:    -5.81,     2.09,     4.76
 20:    -3.26,     4.97,     5.97
 21:    -5.86,    -6.91,     1.19
 22:    -6.27,    -2.42,     0.12
 23:    -4.65,     2.42,    -0.15
 24:    -2.06,    -9.14,     0.65
 25:    -1.48,    -4.87,    -4.19
 26:    -2.09,     0.47,    -5.75
 27:     1.75,    -0.54,     1.86
 28:     2.88,    -1.49,    -0.99
 29:     2.54,    -3.56,    -2.71
 30:     3.40,     3.68,    -3.58
 31:     4.05,     3.37,    -3.13
 32:     5.19,     0.55,    -0.25
 33:     4.90,     6.70,    -4.71
 34:     5.74,     6.19,    -1.51
 35:     7.03,     2.68,     4.19
 36:     0.23,     2.24,     5.03
 37:     3.81,     4.05,     1.00
 38:     6.15,     4.62,    -4.23
 39:    -0.87,     2.38,    -1.18
 40:     1.08,     4.77,    -0.73
 41:     3.39,     4.78,     1.65
 42:     0.71,     2.45,    -5.54
 43:    -0.38,     4.48,    -1.51
 44:    -0.28,     3.51,     6.58
 45:    -3.68,     4.76,     6.20
 46:     1.16,     6.31,     2.44
 47:     6.84,     5.83,    -4.69
 48:    -5.07,     2.01,    -0.06
 49:    -2.63,     5.30,     0.93
 50:     0.52,     5.90,     3.04
 51:    -2.17,    -0.19,    -5.80
 52:    -4.72,     4.04,    -1.42
 53:    -7.15,     5.18,     8.34
 54:     4.09,    -2.19,    -0.87
 55:     4.33,     3.21,    -4.23
 56:     4.67,     6.57,    -4.96
 57:    -1.95,    -0.82,    -2.10
 58:     2.36,     3.24,    -1.08
 59:     6.08,     5.07,     0.90
 60:   -12.06,    -0.50,    -1.80
 61:    -0.74,     0.31,     6.33
 62:     7.33,     0.04,    10.05
 63:     1.34,    -6.81,     0.41
 64:     1.03,    -2.08,    -3.84
 65:     0.33,     2.39,    -5.36
 66:     2.69,    -3.84,    -2.48
 67:     4.95,    -0.50,    -4.64
 68:     4.13,     2.52,    -4.53
 69:    -0.03,     1.89,    -5.01
 70:     7.42,     2.08,    -1.55
 71:     8.27,     2.50,     0.64
 72:    -2.87,    -9.56,     1.36
 73:    -2.48,    -5.66,    -3.31
 74:    -2.55,    -0.28,    -5.48
 75:     3.51,    -5.88,    -0.85
 76:     5.49,    -2.90,    -5.38
 77:     3.39,     1.53,    -7.59
 78:    10.02,     3.23,    -4.51
 79:    12.61,     4.73,    -4.46
 80:     8.43,     6.24,    -4.78
 81:     4.88,     6.67,    -4.94
 82:     5.83,     6.37,    -1.96
 83:     7.17,     2.79,     3.67
 84:     5.91,     4.98,     1.20
 85:     7.48,     4.09,     3.83
 86:     6.48,     1.66,     6.04
 87:     6.75,    -0.09,    10.45
 88:     7.72,    -1.35,     9.94
 89:     2.49,    -2.30,     5.79
 90:     0.67,     2.41,    -5.45
 91:    -0.10,     4.55,    -1.77
 92:     0.20,     3.55,     6.10
 93:     4.46,     2.46,    -4.33
 94:     1.23,     3.67,    -0.25
 95:    -2.26,     2.71,     5.82
 96:     8.50,     2.35,     0.96
 97:     4.07,     2.24,     2.24
 98:    -2.95,     1.58,     1.65
 99:    -2.36,    -0.24,    -5.57
100:    -4.54,     3.96,    -1.52
101:    -6.84,     5.05,     8.04
102:     3.60,     1.54,    -7.55
103:    -3.00,     4.91,    -3.59
104:    -9.98,     5.04,     5.18
105:     8.67,     6.17,    -4.63
106:     1.03,     6.69,    -4.08
107:    -6.53,     5.21,    -3.00
108:    -4.43,    -1.03,     0.30
109:    -5.67,     1.87,     4.87
110:    -3.14,     4.73,     5.89
111:    -5.66,    -6.86,     1.37
112:    -6.17,    -2.72,     0.29
113:    -4.56,     2.00,    -0.41
114:    -2.24,    -9.43,     1.25
115:    -1.49,    -5.40,    -3.67
116:    -1.66,    -0.08,    -6.00
117:    -0.86,    -0.35,    -4.49
118:    -5.61,     2.96,     1.10
119:    -6.45,     4.67,     3.67
120:    -4.69,    -6.80,    -1.46
121:    -6.74,    -3.00,    -1.90
122:    -6.52,     1.68,    -1.68
123:    -4.71,    -9.50,     0.89
124:    -3.03,    -6.27,    -3.70
125:    -1.89,    -0.17,    -5.79
126:     3.35,     1.84,    -6.96
127:    -1.89,     2.93,    -4.00
128:    -7.10,     1.48,    -2.13
129:     0.59,    -4.51,    -3.86
130:    -2.38,    -2.22,    -5.19
131:    -4.95,     1.27,    -4.98
132:    -4.37,    -7.03,    -0.42
133:    -1.91,    -4.24,    -3.68
134:     0.88,     2.25,    -4.41
135:    -3.53,     4.56,     6.25
136:     1.04,     6.35,     2.58
137:     6.35,     6.21,    -3.72
138:    -4.89,     1.65,    -0.10
139:    -2.69,     5.02,     0.57
140:    -0.34,     5.87,     3.46
141:    -1.74,    -0.69,    -5.84
142:    -3.98,     3.58,    -2.57
143:    -7.03,     4.90,     6.89
144:    -6.61,     4.58,     3.65
145:    -3.34,     3.68,     1.29
146:     2.89,     0.20,    -4.27
147:    -6.72,     1.23,    -1.69
148:    -5.29,     4.36,    -0.04
149:    -2.74,     4.84,     3.67
150:    -2.06,    -1.09,    -5.76
151:    -3.82,     4.94,    -2.38
152:    -8.18,     8.20,     7.26
153:    -6.55,     1.76,    -2.39
154:    -7.59,    -2.63,    -3.10
155:    -3.55,    -8.81,    -5.42
156:    -4.69,     0.79,    -5.21
157:    -5.46,     2.97,    -2.73
158:    -3.51,     2.64,     2.15
159:     0.49,     1.10,    -4.63
160:     1.12,     7.84,    -1.13
161:    -1.64,    11.95,     6.44
162:    -2.63,    -9.40,     1.24
163:    -2.26,    -5.30,    -3.41
164:    -2.44,     0.04,    -5.39
165:     3.71,    -5.77,    -1.10
166:     5.51,    -2.70,    -5.57
167:     3.18,     1.60,    -7.43
168:     9.82,     3.14,    -4.65
169:    12.33,     4.41,    -4.52
170:     8.20,     5.75,    -4.54
171:    -4.88,    -9.52,     0.81
172:    -3.58,    -6.23,    -3.61
173:    -2.64,    -0.15,    -5.42
174:     0.60,    -5.30,     0.49
175:     3.59,    -2.42,    -3.78
176:     3.57,     2.79,    -6.25
177:     9.15,     4.90,    -1.65
178:    10.31,     7.16,    -1.51
179:     7.13,     8.48,    -3.35
180:    -4.21,    -7.04,    -0.51
181:    -2.01,    -4.34,    -3.87
182:     0.29,     1.99,    -4.66
183:    -5.08,    -2.91,     1.51
184:     0.14,    -0.13,     0.06
185:     5.19,     4.98,    -0.91
186:    -0.63,     6.42,     2.45
187:     2.69,     8.09,     5.05
188:     5.61,     7.58,     3.03
189:    -2.26,    -0.36,    -5.53
190:    -4.24,     3.82,    -1.85
191:    -6.51,     4.91,     7.52
192:     3.78,     1.25,    -7.51
193:    -2.47,     4.66,    -3.83
194:    -9.42,     4.93,     4.71
195:     9.07,     5.83,    -4.58
196:     1.64,     6.47,    -3.88
197:    -6.03,     5.23,    -2.86
198:    -2.62,    -0.47,    -5.47
199:    -4.41,     5.25,    -1.44
200:    -7.96,     7.99,     8.23
201:     3.78,     2.41,    -6.14
202:    -1.12,     7.15,    -3.69
203:    -9.01,     8.37,     4.00
204:     7.54,     8.47,    -2.90
205:     2.08,     8.25,    -4.94
206:    -3.64,     5.46,    -5.60
207:     0.14,     1.76,    -4.75
208:     0.09,     8.01,    -0.61
209:    -2.40,    11.38,     7.29
210:     4.97,     4.65,    -0.87
211:     5.65,     9.17,     0.17
212:     0.59,    10.91,     3.57
213:     5.41,     7.53,     3.56
214:     6.26,     5.13,    -1.02
215:     3.83,     1.43,    -5.19
