pa1-debug-g-auxilliary1.txt
EM distortion factor =     0.0200
EM noise =       0.20
Optical tracker jiggle factor =     0.0100
EM pivot post actual position =   199.52,   206.23,   203.22
EM pivot post est    position =   201.59,   210.61,   206.24
Optical pivot post actual position =   401.36,   406.43,   203.95
Optical pivot post est    position =   401.36,   406.43,   203.95
Cal EM observed - cal EM estimated
  0:     0.93,     5.68,     4.62
  1:    -0.98,     4.30,    -2.11
  2:    -2.90,     1.24,    -8.01
  3:     2.10,     0.60,     3.13
  4:     1.12,     3.01,     0.05
  5:    -0.97,     2.09,    -2.41
  6:     0.06,    -3.91,     1.72
  7:     0.72,     1.10,     2.19
  8:     0.68,     2.15,     3.01
  9:     5.42,     5.35,     7.12
 10:    -0.20,     2.32,     1.05
 11:    -4.53,    -2.79,    -2.94
 12:     5.27,     2.40,     1.02
 13:     1.45,    -0.77,    -0.81
 14:    -1.88,    -4.77,    -0.60
 15:     1.71,    -0.39,    -3.77
 16:     0.89,    -1.68,    -2.29
 17:     0.64,    -3.32,     1.18
 18:     6.41,     1.41,     7.39
 19:    -0.40,    -1.19,     3.90
 20:    -5.18,    -5.37,     2.89
 21:     3.29,     1.28,    -0.71
 22:    -0.35,    -4.02,    -1.09
 23:    -2.28,    -7.87,     1.24
 24:    -1.52,     2.14,    -7.32
 25:    -1.61,    -2.64,    -5.79
 26:     0.28,    -5.41,    -1.39
 27:    -2.85,     1.61,    -7.74
 28:    -2.19,    -2.18,    -9.40
 29:     1.71,    -5.93,    -5.58
 30:    -0.77,     2.79,    -2.56
 31:    -2.73,    -2.85,    -2.67
 32:    -3.60,   -11.12,     0.77
 33:     0.76,     2.95,     2.82
 34:    -1.52,    -2.61,     3.80
 35:    -5.44,   -12.72,     5.89
 36:    -4.29,    -2.27,    -2.92
 37:    -3.75,    -7.42,    -0.43
 38:     2.06,   -10.57,     8.69
 39:    -1.60,    -4.07,    -0.86
 40:    -2.04,    -6.98,     2.47
 41:     0.90,    -6.60,     8.17
 42:     0.69,    -2.68,     1.11
 43:     0.60,    -3.73,     4.05
 44:     0.73,    -2.87,     5.45
 45:    -4.90,    -5.20,     2.71
 46:    -4.51,    -9.23,     7.43
 47:     0.99,   -10.26,    16.24
 48:    -2.08,    -7.67,     0.68
 49:    -0.19,    -6.60,     5.53
 50:     4.61,     0.67,    10.17
 51:     0.15,    -5.21,    -1.65
 52:     3.22,    -2.02,     1.92
 53:     6.10,     6.70,     2.24
 54:     0.21,    -3.70,     2.01
 55:     0.83,     1.64,     2.17
 56:     0.43,     2.75,     2.31
 57:    -4.74,    -3.25,     1.43
 58:    -1.56,     0.25,     2.58
 59:     1.32,     1.28,     4.10
 60:    -9.79,     2.16,     0.64
 61:    -4.99,    -1.18,    -0.54
 62:     0.67,    -1.81,     0.21
 63:     1.99,    -0.45,    -3.40
 64:     1.10,    -1.62,    -1.79
 65:     0.39,    -3.31,     1.35
 66:    -2.94,    -1.35,    -1.82
 67:    -1.03,     0.00,    -0.17
 68:     1.13,     0.20,     2.56
 69:    -6.28,     0.32,     4.90
 70:    -3.15,     2.71,     2.50
 71:    -0.26,     3.54,     1.25
 72:    -1.25,     1.81,    -7.28
 73:    -1.20,    -3.23,    -5.24
 74:     0.37,    -5.88,    -0.70
 75:    -3.90,     1.85,    -4.66
 76:    -2.24,     0.97,    -3.05
 77:     0.50,     0.05,    -0.29
 78:    -2.43,     1.79,     6.15
 79:    -1.82,     5.96,     4.25
 80:    -1.72,     6.02,     1.80
 81:     0.63,     2.85,     2.53
 82:    -1.82,    -2.95,     3.41
 83:    -5.73,   -13.33,     5.60
 84:     1.16,     1.30,     3.85
 85:     0.36,    -2.11,     5.03
 86:    -3.97,    -8.85,     6.17
 87:    -0.10,    -2.14,    -0.32
 88:     1.98,    -1.07,     0.83
 89:     0.35,     1.02,     1.89
 90:     0.56,    -3.05,     1.16
 91:     0.39,    -4.10,     4.16
 92:     0.51,    -3.47,     5.84
 93:     0.91,     0.54,     2.30
 94:     1.24,    -0.41,     3.62
 95:    -0.16,    -1.71,     3.22
 96:    -0.65,     3.65,     1.16
 97:    -0.22,     2.31,     0.74
 98:    -1.47,    -0.59,     1.18
 99:     0.30,    -5.52,    -1.20
100:     3.41,    -1.74,     2.37
101:     6.20,     7.15,     2.82
102:     0.06,     0.64,    -0.33
103:     2.14,     1.88,     0.31
104:     3.08,     5.22,    -1.66
105:    -1.78,     6.64,     2.32
106:    -2.62,     3.19,    -0.20
107:    -3.05,    -1.44,    -2.07
108:     6.39,     1.68,     7.22
109:    -0.37,    -0.94,     3.61
110:    -5.17,    -5.27,     2.27
111:     3.60,     1.52,    -0.97
112:     0.01,    -3.73,    -1.24
113:    -2.21,    -7.72,     1.01
114:    -0.81,     1.74,    -7.13
115:    -0.86,    -2.73,    -5.21
116:     0.51,    -5.31,    -0.63
117:     2.30,    -3.89,     5.18
118:    -2.20,    -5.15,     3.72
119:    -4.83,    -5.85,     4.39
120:    -2.55,    -1.65,    -1.39
121:    -3.31,    -5.33,    -1.32
122:    -1.90,    -6.27,     1.04
123:    -6.57,     2.29,    -6.86
124:    -4.59,    -1.67,    -5.66
125:     0.10,    -3.17,    -2.52
126:    -4.29,    -7.89,     1.57
127:    -4.85,    -7.76,    -0.04
128:    -4.23,    -3.35,    -0.12
129:    -9.63,    -5.05,     0.08
130:    -6.77,    -3.84,    -1.48
131:    -1.89,    -0.34,    -2.15
132:   -11.91,     0.68,    -1.78
133:    -7.73,     1.25,    -2.48
134:    -0.50,     2.12,    -3.35
135:    -5.03,    -5.07,     2.30
136:    -4.45,    -9.47,     7.07
137:     1.25,   -11.65,    16.30
138:    -2.19,    -7.75,     0.98
139:    -0.43,    -6.84,     6.15
140:     4.34,    -0.65,    11.55
141:     0.48,    -5.35,    -0.87
142:     3.33,    -1.71,     2.66
143:     6.02,     6.96,     3.22
144:    -4.78,    -5.71,     4.23
145:    -4.19,    -5.90,     7.74
146:    -0.92,    -5.18,    12.56
147:    -2.11,    -6.14,     0.95
148:     1.20,    -2.54,     4.65
149:     4.53,     3.89,     7.72
150:    -0.06,    -2.92,    -2.61
151:     5.00,     1.22,    -0.38
152:     7.59,     8.68,     0.08
153:    -4.36,    -3.82,    -0.22
154:    -3.82,     1.89,    -0.29
155:    -3.86,     5.92,    -0.75
156:    -2.35,    -0.43,    -2.27
157:     0.97,     2.99,    -2.13
158:     1.06,     4.28,    -0.90
159:    -0.78,     2.48,    -3.37
160:     4.59,     2.55,    -3.89
161:     5.18,     1.42,    -2.59
162:    -0.70,     1.77,    -7.06
163:    -1.04,    -2.99,    -5.28
164:     0.41,    -5.62,    -0.85
165:    -3.68,     1.46,    -4.45
166:    -2.27,     1.11,    -2.90
167:     0.28,     0.47,    -0.18
168:    -2.81,     1.00,     6.28
169:    -1.84,     5.66,     4.67
170:    -1.72,     6.45,     2.14
171:    -6.60,     2.06,    -6.52
172:    -4.98,    -1.73,    -5.47
173:    -0.22,    -2.93,    -2.64
174:    -6.33,     4.26,    -4.65
175:    -5.01,     2.98,    -3.62
176:    -1.29,     1.32,    -2.21
177:    -1.43,     3.61,     3.75
178:    -2.76,     5.51,     3.08
179:    -3.83,     4.32,     1.12
180:   -12.11,    -0.07,    -1.34
181:    -8.41,     0.99,    -2.02
182:    -1.19,     2.58,    -3.32
183:    -8.97,     5.02,    -2.05
184:    -7.72,     3.51,    -1.79
185:    -2.46,     1.53,    -2.61
186:    -2.70,     6.20,    -1.89
187:    -5.66,     1.48,    -1.50
188:    -5.49,    -2.32,    -1.51
189:     0.28,    -5.64,    -1.01
190:     3.06,    -2.36,     2.74
191:     5.95,     6.33,     3.68
192:     0.22,     0.40,    -0.24
193:     2.36,     1.72,     0.48
194:     3.49,     5.64,    -1.38
195:    -1.75,     6.44,     2.15
196:    -2.39,     2.95,    -0.30
197:    -2.44,    -0.90,    -2.31
198:    -0.40,    -3.38,    -2.60
199:     4.68,     0.63,    -0.11
200:     7.52,     8.14,     0.66
201:    -1.19,     1.12,    -2.32
202:     2.68,     2.44,    -2.73
203:     4.54,     6.69,    -4.83
204:    -3.82,     4.07,     0.87
205:    -3.95,     1.62,    -2.55
206:    -3.34,     0.64,    -6.47
207:    -1.23,     2.21,    -3.27
208:     4.26,     2.72,    -3.77
209:     5.08,     1.68,    -2.47
210:    -2.15,     1.74,    -2.74
211:     2.75,     0.76,    -4.61
212:     3.97,     1.01,    -5.71
213:    -5.18,    -2.28,    -1.69
214:    -3.70,    -1.98,    -4.54
215:    -3.02,     2.35,    -8.72
