pa1-debug-f-auxilliary1.txt
EM distortion factor =     0.0200
EM noise =       0.20
Optical tracker jiggle factor =     0.0100
EM pivot post actual position =   202.28,   202.16,   196.97
EM pivot post est    position =   198.44,   201.88,   200.24
Optical pivot post actual position =   390.41,   409.98,   194.45
Optical pivot post est    position =   390.41,   409.98,   194.45
Cal EM observed - cal EM estimated
  0:    -7.15,     1.15,     2.11
  1:    -4.53,     0.93,    -0.78
  2:    -0.02,    -1.76,    -1.88
  3:    -2.57,     0.48,     3.28
  4:    -4.69,     1.81,    -1.78
  5:    -5.32,     0.96,    -5.33
  6:     1.50,    -1.37,     2.69
  7:    -3.44,     0.01,    -1.44
  8:    -7.29,     0.82,    -5.53
  9:    -1.54,    -0.18,    -0.31
 10:    -2.97,     2.44,     0.64
 11:    -1.84,     2.75,     0.31
 12:    -2.56,     2.01,    -0.13
 13:    -3.93,     2.93,    -1.83
 14:    -3.49,     2.88,    -1.84
 15:    -4.76,     3.10,    -1.11
 16:    -3.54,     1.93,    -3.57
 17:    -1.52,     1.12,    -2.86
 18:     4.85,    -1.14,    -1.46
 19:    -1.68,     3.94,     1.06
 20:    -4.68,     6.94,     0.56
 21:    -0.57,     2.84,    -1.47
 22:    -1.87,     3.83,    -0.68
 23:    -1.52,     4.76,     1.19
 24:    -7.94,     6.00,    -2.26
 25:    -2.03,     2.89,    -2.98
 26:     3.65,     0.99,     0.52
 27:    -0.17,    -1.29,    -1.58
 28:     3.15,    -5.96,    -0.61
 29:     2.09,   -11.54,     1.37
 30:    -5.10,     1.13,    -4.96
 31:    -3.73,    -2.90,    -4.09
 32:    -2.23,    -8.48,     0.64
 33:    -6.98,     1.00,    -5.39
 34:    -6.33,    -0.20,    -5.66
 35:    -1.66,    -2.45,    -1.20
 36:    -2.16,     3.07,     0.62
 37:     1.25,     0.92,    -0.81
 38:     5.76,    -4.17,    -2.95
 39:    -3.59,     3.15,    -1.70
 40:    -1.52,     1.18,    -0.01
 41:     1.35,    -3.14,     2.34
 42:    -1.63,     1.39,    -2.99
 43:    -0.93,     0.46,     1.05
 44:    -2.42,    -0.60,     6.51
 45:    -4.76,     6.78,     0.87
 46:    -2.47,     6.19,    -2.10
 47:     5.36,     0.34,    -5.94
 48:    -1.90,     4.93,     0.90
 49:    -0.18,     4.40,     2.35
 50:     3.12,     0.60,     3.01
 51:     2.88,     1.38,    -0.11
 52:     3.44,     0.99,     5.37
 53:    -1.89,     1.26,    10.71
 54:     1.25,    -1.21,     2.80
 55:    -3.72,     0.40,    -1.72
 56:    -7.22,     1.10,    -5.78
 57:     1.84,    -3.62,     1.16
 58:    -2.75,    -4.12,     0.41
 59:    -5.63,    -3.34,    -2.29
 60:    -0.71,    -5.53,    -0.25
 61:    -1.37,    -9.57,     3.90
 62:    -0.11,    -9.89,     3.54
 63:    -4.47,     3.00,    -0.96
 64:    -3.60,     2.09,    -3.51
 65:    -1.69,     1.38,    -2.72
 66:    -6.35,     1.66,    -2.54
 67:    -2.08,    -0.48,    -3.25
 68:     2.81,    -1.93,    -2.23
 69:    -6.89,    -1.59,    -3.26
 70:     0.32,    -3.51,    -0.49
 71:     7.56,    -4.77,    -0.23
 72:    -7.60,     5.93,    -2.19
 73:    -2.16,     3.02,    -2.85
 74:     3.27,     1.29,     0.64
 75:   -11.58,     5.45,    -2.96
 76:    -1.68,     1.60,    -4.35
 77:     7.40,    -1.59,    -2.17
 78:   -10.56,     1.56,    -2.65
 79:    -0.70,    -0.01,    -3.53
 80:     8.03,    -2.17,    -5.05
 81:    -7.04,     1.12,    -5.49
 82:    -6.62,    -0.29,    -6.01
 83:    -1.69,    -2.72,    -1.94
 84:    -5.45,    -3.49,    -1.95
 85:    -3.65,    -1.90,    -3.96
 86:     2.88,     1.21,    -4.25
 87:    -0.22,   -10.02,     3.78
 88:     3.85,    -6.18,     0.74
 89:     8.95,     2.15,    -4.23
 90:    -1.89,     1.50,    -2.96
 91:    -1.37,     0.41,     0.82
 92:    -2.37,    -0.87,     5.94
 93:     2.47,    -1.79,    -2.47
 94:     2.87,    -1.63,     0.30
 95:    -1.37,     0.99,     3.29
 96:     7.02,    -4.62,    -0.33
 97:     8.54,    -3.44,    -1.14
 98:     3.32,     1.56,    -2.78
 99:     2.88,     1.46,     0.29
100:     2.90,     1.06,     5.71
101:    -2.51,     1.04,    10.84
102:     6.88,    -1.37,    -2.43
103:     6.24,    -1.48,     2.71
104:    -4.85,     1.61,     8.55
105:     7.42,    -2.03,    -5.04
106:     7.65,    -1.96,    -4.46
107:    -2.41,     1.53,    -1.51
108:     4.68,    -1.28,    -1.74
109:    -1.39,     3.57,     0.98
110:    -4.57,     6.73,     0.73
111:    -0.77,     2.88,    -1.52
112:    -2.00,     3.69,    -0.90
113:    -1.66,     4.65,     0.97
114:    -8.08,     6.08,    -2.17
115:    -2.58,     3.01,    -3.23
116:     3.28,     1.05,     0.08
117:     7.58,    -1.67,     0.95
118:    -0.20,     3.92,     0.64
119:    -5.77,     7.84,    -1.48
120:     1.30,     2.50,     1.60
121:    -0.13,     3.97,     1.18
122:    -0.58,     5.22,     1.13
123:    -6.20,     5.56,     0.98
124:    -0.93,     2.59,     0.04
125:     3.90,     0.73,     1.36
126:     6.20,    -1.21,     5.46
127:     0.64,     2.84,    -0.45
128:    -4.37,     4.84,    -5.48
129:     1.85,     1.45,     7.85
130:     0.34,     3.29,     3.39
131:    -1.14,     3.61,    -1.17
132:    -1.20,     2.24,     7.75
133:    -0.97,     1.18,     4.66
134:    -0.35,    -0.06,     0.85
135:    -4.62,     6.70,     0.83
136:    -1.56,     5.57,    -1.97
137:     6.35,    -0.42,    -5.37
138:    -1.76,     4.72,     0.88
139:     0.05,     3.86,     2.66
140:     2.79,     0.07,     3.89
141:     3.07,     1.18,    -0.18
142:     3.23,     0.74,     5.40
143:    -2.73,     1.05,    10.81
144:    -5.71,     7.74,    -1.42
145:    -4.73,     5.70,    -4.58
146:     2.72,    -2.93,    -6.57
147:    -0.74,     5.31,     1.02
148:    -0.01,     4.16,     1.47
149:     2.24,    -0.41,     2.82
150:     3.52,     0.88,     1.25
151:     4.11,     1.03,     4.77
152:    -0.14,     2.49,     9.88
153:    -4.26,     4.76,    -5.52
154:    -6.35,    -0.09,    -7.42
155:    -3.35,   -11.15,    -4.96
156:    -1.20,     3.69,    -1.22
157:    -2.23,     0.73,    -2.65
158:    -1.58,    -5.36,     0.64
159:    -0.62,     0.10,     0.96
160:     0.71,     0.03,     0.14
161:     2.77,     1.73,     3.60
162:    -7.64,     5.91,    -2.19
163:    -2.40,     3.06,    -2.99
164:     2.96,     1.40,     0.48
165:   -11.51,     5.35,    -3.04
166:    -1.77,     1.62,    -4.37
167:     7.29,    -1.52,    -2.11
168:   -10.48,     1.48,    -2.71
169:    -0.60,    -0.03,    -3.54
170:     8.09,    -2.19,    -5.04
171:    -5.81,     5.50,     1.00
172:    -0.87,     2.78,     0.31
173:     3.42,     1.23,     1.52
174:    -9.08,     4.83,     0.58
175:    -1.62,     0.61,    -1.77
176:     4.57,    -2.37,    -1.75
177:    -7.09,     0.91,     0.93
178:    -2.28,    -1.62,    -3.48
179:     1.82,    -3.71,    -7.08
180:    -1.12,     2.33,     7.76
181:    -0.83,     1.53,     4.93
182:    -0.53,     0.44,     0.87
183:    -0.64,     0.24,     6.82
184:    -2.45,    -2.17,     3.17
185:    -2.96,    -3.60,    -0.87
186:     2.67,    -3.49,     5.30
187:    -3.40,    -6.23,    -0.89
188:    -7.00,    -6.86,    -6.17
189:     2.68,     1.40,    -0.02
190:     2.78,     1.01,     5.51
191:    -2.41,     0.98,    10.69
192:     6.87,    -1.40,    -2.49
193:     6.09,    -1.49,     2.69
194:    -4.94,     1.57,     8.59
195:     7.94,    -2.13,    -4.61
196:     7.81,    -1.96,    -4.13
197:    -2.59,     1.64,    -1.32
198:     3.49,     1.09,     1.29
199:     3.97,     1.20,     4.78
200:     0.13,     2.32,     9.55
201:     4.67,    -2.29,    -2.16
202:     5.09,    -1.27,     1.52
203:    -1.92,     3.55,     7.97
204:     2.22,    -3.36,    -7.05
205:     2.60,    -2.25,    -6.58
206:    -2.69,     2.43,    -1.40
207:    -0.36,     0.25,     1.10
208:     0.69,     0.07,     0.14
209:     2.53,     1.34,     3.26
210:    -2.63,    -3.79,    -1.08
211:    -0.54,    -1.55,    -1.59
212:     4.31,     4.77,     1.52
213:    -6.29,    -6.82,    -6.49
214:    -5.00,    -3.73,    -7.36
215:     1.80,     3.29,    -3.71
