27, 8, pa1-debug-e-output1.txt
  201.06,   197.62,   194.53
  392.36,   390.42,   200.78
  213.34,   208.36,   212.25
  211.51,   204.90,   336.38
  208.64,   202.12,   461.33
  208.36,   333.04,   214.37
  206.24,   330.31,   338.34
  203.62,   327.65,   463.13
  203.71,   458.24,   217.12
  201.58,   455.69,   340.97
  199.11,   452.79,   465.38
  336.50,   213.14,   213.39
  334.80,   210.00,   339.48
  332.98,   206.18,   465.13
  331.66,   336.06,   216.08
  330.09,   333.56,   341.19
  328.68,   330.91,   466.60
  327.30,   460.43,   219.09
  325.54,   458.01,   343.18
  324.02,   455.80,   468.33
  460.68,   217.07,   215.41
  458.54,   214.38,   342.32
  456.50,   210.26,   468.37
  456.25,   339.20,   218.38
  454.73,   336.90,   344.02
  453.53,   334.28,   469.76
  452.44,   463.26,   221.72
  451.07,   460.94,   345.57
  449.71,   459.13,   471.07
  210.77,   209.66,   449.87
  208.21,   207.67,   575.91
  205.66,   206.32,   702.54
  210.59,   335.20,   451.93
  208.62,   332.76,   577.54
  206.47,   330.43,   703.63
  210.99,   460.36,   454.43
  209.40,   457.48,   579.60
  207.59,   454.67,   705.10
  335.07,   208.94,   452.71
  333.44,   204.98,   577.26
  330.78,   201.52,   701.07
  335.63,   333.57,   454.37
  334.62,   330.58,   579.47
  332.75,   327.51,   704.12
  335.93,   458.42,   456.25
  335.32,   456.08,   582.04
  334.17,   453.61,   707.69
  458.61,   208.23,   454.90
  457.98,   203.30,   578.37
  457.21,   198.70,   699.67
  460.52,   332.12,   456.48
  460.09,   328.66,   581.19
  459.04,   325.03,   704.86
  461.74,   456.87,   457.86
  461.31,   454.58,   584.16
  460.48,   452.10,   710.00
  209.13,   448.71,   211.08
  211.66,   447.81,   334.98
  213.96,   446.60,   459.49
  209.40,   574.03,   213.06
  211.73,   572.57,   336.96
  213.79,   571.10,   461.13
  211.29,   699.86,   215.03
  212.51,   697.06,   339.07
  214.33,   694.75,   464.16
  332.84,   448.14,   208.35
  335.74,   447.31,   332.47
  338.98,   446.78,   457.64
  332.23,   574.03,   210.37
  335.05,   572.82,   334.28
  338.06,   571.94,   459.00
  333.03,   700.71,   212.56
  335.19,   698.97,   336.94
  338.34,   697.10,   461.83
  458.01,   448.31,   206.26
  461.34,   447.47,   330.20
  464.76,   447.33,   455.55
  457.16,   574.55,   208.11
  460.08,   573.43,   331.45
  462.93,   572.96,   456.33
  456.05,   701.41,   209.88
  458.70,   699.98,   333.67
  461.61,   698.89,   458.22
  207.59,   451.64,   447.74
  204.05,   451.91,   572.87
  200.30,   452.26,   698.35
  208.70,   576.10,   448.06
  205.09,   576.22,   573.10
  201.11,   576.73,   698.65
  210.37,   699.77,   449.57
  206.84,   699.84,   575.15
  202.13,   701.48,   700.36
  332.47,   450.57,   451.48
  329.91,   451.38,   577.20
  326.83,   452.09,   702.81
  332.85,   575.71,   451.52
  330.13,   576.40,   577.28
  326.88,   577.21,   703.64
  334.38,   700.89,   452.97
  331.21,   700.87,   578.36
  326.60,   701.67,   703.89
  458.24,   449.89,   455.07
  455.89,   450.77,   581.29
  453.13,   451.50,   707.12
  457.63,   575.53,   454.47
  455.24,   576.61,   581.18
  452.75,   577.75,   708.31
  457.60,   701.48,   455.00
  454.61,   702.12,   580.95
  451.47,   702.46,   707.30
  450.44,   210.99,   210.75
  447.64,   213.50,   337.64
  445.00,   214.65,   463.76
  449.36,   333.19,   208.50
  447.08,   336.04,   334.12
  445.24,   338.72,   459.82
  448.89,   457.23,   206.78
  446.77,   460.03,   330.59
  444.72,   463.54,   455.83
  576.35,   210.09,   214.86
  572.86,   213.08,   340.80
  569.20,   214.96,   466.06
  575.71,   333.27,   212.20
  573.13,   336.41,   337.31
  570.42,   339.27,   462.63
  575.34,   458.15,   210.23
  573.34,   460.88,   333.93
  570.76,   464.12,   458.91
  703.63,   207.96,   219.31
  698.77,   211.44,   343.59
  694.09,   214.69,   467.44
  702.72,   333.22,   216.06
  699.29,   336.92,   340.11
  695.32,   340.16,   464.64
  702.38,   459.63,   213.47
  699.88,   462.45,   337.16
  696.15,   464.97,   461.45
  449.16,   209.17,   450.63
  449.29,   210.59,   574.26
  449.18,   212.35,   695.77
  447.47,   333.01,   445.80
  447.84,   335.99,   570.63
  447.59,   338.86,   694.62
  445.10,   457.61,   440.75
  445.43,   461.76,   566.99
  445.46,   465.77,   693.05
  573.50,   211.25,   450.52
  573.40,   213.33,   574.08
  574.85,   215.69,   696.35
  572.73,   335.41,   446.13
  572.59,   338.35,   570.89
  572.49,   341.04,   695.14
  571.22,   460.10,   441.39
  570.83,   463.82,   567.54
  570.71,   467.40,   693.60
  698.58,   212.59,   449.57
  697.57,   216.52,   573.80
  699.03,   220.62,   699.28
  697.84,   338.11,   445.72
  696.60,   341.34,   570.61
  696.05,   344.15,   695.89
  696.83,   462.96,   441.60
  694.91,   465.81,   566.99
  693.67,   468.51,   692.97
  449.10,   447.99,   209.40
  449.37,   446.35,   333.38
  449.75,   445.34,   458.79
  447.13,   574.20,   212.05
  447.00,   572.26,   335.46
  446.88,   570.94,   460.45
  444.94,   701.08,   214.69
  444.62,   698.81,   338.61
  444.63,   696.81,   463.29
  575.56,   450.49,   210.58
  575.91,   448.79,   334.43
  575.71,   447.56,   459.54
  573.91,   576.53,   213.33
  573.70,   574.27,   336.21
  572.84,   572.69,   460.60
  572.36,   702.31,   215.79
  571.14,   699.76,   338.44
  569.72,   698.20,   462.43
  702.60,   453.55,   211.56
  702.42,   451.95,   335.34
  701.00,   450.10,   459.73
  701.52,   579.22,   214.53
  700.87,   576.50,   337.32
  699.14,   574.23,   460.59
  701.27,   703.11,   217.47
  698.98,   700.17,   339.39
  696.46,   698.80,   462.41
  449.88,   448.18,   449.47
  447.25,   450.42,   575.64
  444.22,   452.51,   701.47
  449.72,   573.79,   447.58
  447.01,   576.20,   574.16
  444.22,   578.65,   701.25
  450.15,   699.75,   446.89
  446.92,   701.67,   572.71
  443.39,   703.37,   699.01
  575.88,   447.78,   453.16
  572.55,   449.53,   579.21
  569.41,   451.15,   704.99
  575.77,   572.90,   450.63
  572.31,   575.27,   577.47
  569.68,   578.00,   705.11
  575.43,   698.33,   448.90
  571.75,   701.19,   575.24
  569.04,   703.76,   702.66
  701.16,   447.72,   456.28
  696.38,   448.61,   581.72
  692.33,   449.35,   707.46
  702.10,   571.85,   453.60
  697.05,   573.92,   579.65
  693.23,   576.57,   707.53
  702.23,   696.27,   451.88
  697.73,   699.91,   577.80
  694.88,   703.91,   705.93
