pa1-debug-c-auxilliary1.txt
EM distortion factor =     0.0100
EM noise =       0.00
Optical tracker jiggle factor =     0.0000
EM pivot post actual position =   207.70,   200.11,   201.93
EM pivot post est    position =   208.21,   201.75,   203.12
Optical pivot post actual position =   403.41,   392.93,   205.19
Optical pivot post est    position =   403.41,   392.93,   205.19
Cal EM observed - cal EM estimated
  0:    -0.35,     0.63,     1.97
  1:    -3.56,    -0.91,     0.17
  2:    -5.79,    -2.20,    -2.47
  3:     0.69,     2.53,     0.13
  4:    -1.30,     0.08,    -0.21
  5:    -2.61,    -2.18,    -1.65
  6:     1.60,     2.22,    -0.98
  7:     1.43,     0.02,    -0.24
  8:     1.29,    -1.70,    -0.33
  9:    -2.99,    -0.83,     0.02
 10:    -2.64,    -1.72,    -0.83
 11:    -1.87,    -2.01,    -1.84
 12:    -1.86,     1.16,     1.05
 13:    -2.36,    -1.75,     0.05
 14:    -1.90,    -3.60,    -1.40
 15:     0.02,     2.29,     1.21
 16:    -1.08,    -1.33,     0.65
 17:    -1.12,    -3.79,    -0.49
 18:    -4.37,    -1.59,    -2.00
 19:    -0.58,    -1.87,    -1.18
 20:     2.52,    -1.42,    -0.14
 21:    -3.76,    -0.21,     0.78
 22:    -1.95,    -2.77,    -0.10
 23:     0.19,    -3.88,    -0.79
 24:    -1.94,     1.80,     2.01
 25:    -2.53,    -2.25,     0.56
 26:    -1.83,    -4.77,    -0.98
 27:    -5.65,    -2.16,    -2.32
 28:    -4.88,    -1.97,    -3.63
 29:    -1.50,     0.02,    -2.46
 30:    -2.63,    -2.11,    -1.55
 31:    -1.60,    -2.20,    -2.96
 32:     1.63,     0.29,    -3.17
 33:     1.31,    -1.60,    -0.31
 34:     2.05,    -1.33,    -1.03
 35:     3.75,     0.96,    -1.78
 36:    -1.62,    -2.08,    -1.67
 37:    -0.27,    -1.39,    -2.18
 38:     0.78,     0.26,    -1.97
 39:    -1.98,    -3.59,    -1.20
 40:    -0.26,    -2.91,    -2.14
 41:     2.25,     0.50,    -1.80
 42:    -1.07,    -3.57,    -0.31
 43:     0.21,    -2.90,    -1.04
 44:     2.60,     1.04,    -0.66
 45:     2.25,    -1.70,    -0.15
 46:     3.11,    -0.97,    -0.07
 47:     1.44,    -0.09,    -1.41
 48:    -0.32,    -4.02,    -0.74
 49:     1.11,    -3.01,    -1.02
 50:     1.48,     0.26,    -0.53
 51:    -2.08,    -4.55,    -0.75
 52:    -0.69,    -3.70,    -1.21
 53:     0.91,     0.94,     0.07
 54:     1.61,     2.25,    -1.00
 55:     1.22,    -0.05,    -0.21
 56:     0.93,    -1.90,    -0.43
 57:     2.07,    -0.47,    -0.87
 58:     2.96,    -1.13,    -0.17
 59:     3.29,    -0.78,     0.43
 60:     2.48,    -4.39,    -0.07
 61:     3.07,    -2.43,    -0.42
 62:     2.94,     1.21,     0.27
 63:     0.03,     2.32,     1.17
 64:    -1.19,    -1.33,     0.66
 65:    -1.33,    -3.95,    -0.54
 66:     1.03,     1.92,    -0.05
 67:     0.54,    -0.40,     0.21
 68:     0.45,    -2.11,     0.15
 69:     0.73,     0.23,    -2.20
 70:     2.12,     0.89,    -1.29
 71:     3.09,     1.71,     0.30
 72:    -1.85,     1.93,     2.07
 73:    -2.56,    -2.03,     0.68
 74:    -1.81,    -4.70,    -0.95
 75:    -0.70,     3.70,     0.21
 76:    -1.56,     0.19,     0.18
 77:    -1.21,    -2.92,    -0.33
 78:    -1.50,     4.27,    -3.53
 79:     0.36,     3.07,    -1.34
 80:     2.32,     1.14,     0.93
 81:     0.95,    -1.76,    -0.41
 82:     1.82,    -1.42,    -1.24
 83:     3.74,     1.02,    -1.94
 84:     3.40,    -0.82,     0.36
 85:     3.69,     0.50,     0.91
 86:     3.85,     1.99,     1.13
 87:     2.96,     0.75,     0.13
 88:     2.60,     3.25,     2.12
 89:     2.03,     2.89,     4.17
 90:    -1.28,    -3.79,    -0.45
 91:     0.16,    -2.94,    -1.19
 92:     2.67,     1.15,    -0.72
 93:     0.65,    -1.96,     0.18
 94:     1.08,    -1.07,     0.49
 95:     1.66,     1.94,     1.21
 96:     3.11,     1.62,     0.13
 97:     2.28,     2.46,     2.04
 98:    -0.08,     2.61,     3.30
 99:    -1.94,    -4.67,    -0.86
100:    -0.48,    -3.59,    -1.24
101:     1.03,     1.10,     0.11
102:    -1.15,    -2.73,    -0.26
103:    -0.50,    -2.21,    -0.23
104:    -0.20,     1.88,     0.55
105:     2.50,     1.47,     0.74
106:     1.83,     1.14,     1.82
107:    -1.42,     2.49,     1.34
108:    -4.54,    -1.44,    -1.66
109:    -0.99,    -1.95,    -1.22
110:     2.22,    -1.54,    -0.30
111:    -3.54,     0.08,     1.06
112:    -2.13,    -2.71,    -0.00
113:    -0.03,    -3.95,    -0.82
114:    -1.68,     1.99,     1.98
115:    -2.49,    -2.18,     0.60
116:    -1.88,    -4.77,    -0.94
117:    -4.01,    -0.97,    -2.60
118:    -0.31,    -1.21,    -0.33
119:     2.68,    -0.78,     1.81
120:    -4.00,    -0.13,    -0.29
121:    -1.12,    -1.82,    -0.35
122:     1.73,    -2.31,    -0.22
123:    -2.98,     1.64,     1.02
124:    -1.78,    -1.55,    -0.32
125:     0.22,    -3.29,    -1.59
126:    -1.12,     0.93,    -2.10
127:    -1.16,     0.53,     1.73
128:    -0.75,     0.04,     3.54
129:    -2.43,     0.95,    -2.37
130:     0.21,     0.64,    -0.52
131:     2.48,     0.50,     0.36
132:    -3.02,     1.29,    -1.41
133:     0.83,     0.08,    -1.53
134:     4.23,    -0.17,    -1.78
135:     2.21,    -1.57,    -0.26
136:     3.00,    -0.85,    -0.21
137:     1.38,    -0.04,    -1.52
138:    -0.26,    -3.95,    -0.77
139:     1.15,    -2.91,    -1.06
140:     1.57,     0.32,    -0.62
141:    -2.06,    -4.63,    -0.73
142:    -0.63,    -3.69,    -1.20
143:     1.11,     0.97,     0.05
144:     2.44,    -0.85,     1.72
145:     2.85,    -0.57,     1.24
146:     0.95,    -0.44,    -2.05
147:     1.33,    -2.44,    -0.35
148:     2.26,    -1.70,    -0.54
149:     0.94,     0.31,    -0.87
150:    -0.38,    -3.37,    -1.40
151:     0.90,    -2.48,    -1.63
152:     0.70,     1.41,    -0.31
153:    -0.59,     0.29,     3.34
154:    -0.07,    -0.34,     1.29
155:     0.22,    -0.82,    -3.97
156:     2.50,     0.45,    -0.03
157:     3.20,     0.36,    -0.82
158:     1.47,     0.47,    -2.85
159:     3.48,    -0.52,    -1.77
160:     4.55,     0.18,    -1.84
161:     2.19,     1.97,    -1.50
162:    -1.71,     1.91,     2.04
163:    -2.50,    -2.17,     0.66
164:    -1.85,    -4.79,    -0.92
165:    -0.69,     3.54,     0.14
166:    -1.41,    -0.10,     0.16
167:    -1.16,    -3.03,    -0.31
168:    -1.41,     4.11,    -3.48
169:     0.79,     2.83,    -1.17
170:     2.42,     1.09,     0.92
171:    -3.05,     1.56,     1.11
172:    -1.90,    -1.56,    -0.22
173:     0.17,    -3.31,    -1.51
174:    -2.19,     3.62,    -0.01
175:    -1.65,    -0.09,    -0.10
176:    -0.15,    -2.75,    -0.68
177:    -2.40,     4.79,    -2.63
178:    -0.58,     1.90,     0.29
179:     1.19,    -0.58,     2.27
180:    -3.16,     1.34,    -1.40
181:     0.49,     0.13,    -1.48
182:     3.99,    -0.16,    -1.73
183:    -2.85,     1.85,    -0.66
184:     0.14,    -0.44,    -0.44
185:     3.21,    -1.23,    -0.46
186:    -1.91,     1.71,    -0.13
187:    -1.17,    -0.88,     2.38
188:     0.02,    -1.82,     3.82
189:    -1.95,    -4.71,    -0.84
190:    -0.42,    -3.56,    -1.24
191:     1.18,     1.11,     0.08
192:    -1.10,    -2.82,    -0.25
193:    -0.50,    -2.16,    -0.25
194:    -0.01,     2.08,     0.60
195:     2.60,     1.37,     0.83
196:     1.49,     1.09,     1.73
197:    -1.61,     2.66,     1.22
198:    -0.03,    -3.23,    -1.46
199:     1.27,    -2.19,    -1.62
200:     0.81,     1.44,    -0.40
201:    -0.26,    -2.54,    -0.50
202:     0.52,    -1.78,    -0.69
203:    -0.15,     2.39,    -0.23
204:     1.30,    -0.20,     2.31
205:     0.76,    -0.11,     2.10
206:    -1.78,     2.72,    -0.14
207:     3.77,    -0.24,    -1.75
208:     4.78,     0.45,    -1.85
209:     2.30,     1.79,    -1.86
210:     2.69,    -1.36,    -0.15
211:     3.46,    -0.23,    -0.23
212:     1.33,     2.41,    -0.53
213:    -0.35,    -1.80,     4.14
214:    -0.36,    -0.62,     3.26
215:    -1.42,     2.25,     0.15
