27, 8, pa1-debug-c-output.txt
189.771330172,	240.889946363,	199.541337132
411.41452502,	423.687428358,	190.373866206
203.59208956,	205.455394522,	217.94734421
207.649991622,	208.602309344,	342.841821101
211.707893684,	211.749224165,	467.736297992
205.091985397,	330.405501323,	214.750295121
209.149887459,	333.552416145,	339.644772013
213.207789521,	336.699330966,	464.539248904
206.591881235,	455.355608124,	211.553246033
210.649783297,	458.502522946,	336.447722924
214.707685359,	461.649437768,	461.342199816
328.517202101,	203.852978377,	213.928822197
332.575104163,	206.999893199,	338.823299088
336.633006225,	210.146808021,	463.71777598
330.017097938,	328.803085178,	210.731773109
334.075,	331.95,	335.62625
338.132902062,	335.096914822,	460.520726891
331.516993775,	453.753191979,	207.53472402
335.574895837,	456.900106801,	332.429200912
339.632797899,	460.047021623,	457.323677803
453.442314641,	202.250562232,	209.910300184
457.500216703,	205.397477054,	334.804777076
461.558118765,	208.544391876,	459.699253967
454.942210479,	327.200669034,	206.713251096
459.000112541,	330.347583855,	331.607727987
463.058014603,	333.494498677,	456.502204879
456.442106316,	452.150775835,	203.516202008
460.500008378,	455.297690656,	328.410678899
464.55791044,	458.444605478,	453.30515579
215.794860175,	217.61273641,	440.686390423
212.06837562,	215.61097358,	565.614794953
208.341891066,	213.609210751,	690.543199483
213.958045927,	342.584064052,	442.63405076
210.231561373,	340.582301222,	567.56245529
206.505076818,	338.580538393,	692.490859821
212.12123168,	467.555391694,	444.581711098
208.394747125,	465.553628865,	569.510115628
204.668262571,	463.551866035,	694.438520158
340.725798802,	219.390435187,	444.441435133
336.999314248,	217.388672358,	569.369839663
333.272829693,	215.386909528,	694.298244193
338.888984554,	344.361762829,	446.38909547
335.1625,	342.36,	571.3175
331.436015446,	340.358237171,	696.24590453
337.052170307,	469.333090472,	448.336755807
333.325685752,	467.331327642,	573.265160337
329.599201198,	465.329564813,	698.193564867
465.656737429,	221.168133965,	448.196479842
461.930252875,	219.166371135,	573.124884372
458.20376832,	217.164608306,	698.053288902
463.819923182,	346.139461607,	450.144140179
460.093438627,	344.137698778,	575.07254471
456.366954073,	342.135935948,	700.00094924
461.983108934,	471.110789249,	452.091800517
458.25662438,	469.10902642,	577.020205047
454.530139825,	467.10726359,	701.948609577
213.576235481,	445.383790348,	211.172987516
216.997654738,	448.725639246,	336.08145775
220.419073995,	452.067488144,	460.989927984
212.821443673,	570.337350032,	207.85060709
216.24286293,	573.67919893,	332.759077324
219.664282187,	577.021047828,	457.667547558
212.066651865,	695.290909715,	204.528226664
215.488071122,	698.632758614,	329.436696898
218.909490378,	701.974607512,	454.345167132
338.527122551,	446.047091418,	207.732660192
341.948541808,	449.388940316,	332.641130426
345.369961065,	452.730789215,	457.54960066
337.772330743,	571.000651102,	204.410279766
341.19375,	574.3425,	329.31875
344.615169257,	577.684348898,	454.227220234
337.017538935,	695.954210785,	201.08789934
340.438958192,	699.296059684,	325.996369574
343.860377449,	702.637908582,	450.904839808
463.478009622,	446.710392488,	204.292332868
466.899428878,	450.052241386,	329.200803102
470.320848135,	453.394090285,	454.109273336
462.723217813,	571.663952172,	200.969952442
466.14463707,	575.00580107,	325.878422676
469.566056327,	578.347649968,	450.78689291
461.968426005,	696.617511856,	197.647572016
465.389845262,	699.959360754,	322.55604225
468.811264519,	703.301209652,	447.464512484
214.735296265,	453.198137438,	444.434137219
211.759054256,	455.247357816,	569.38189702
208.782812247,	457.296578194,	694.329656822
214.506887839,	578.181031585,	442.378899953
211.53064583,	580.230251963,	567.326659754
208.554403821,	582.279472341,	692.274419555
214.278479413,	703.163925732,	440.323662686
211.302237404,	705.21314611,	565.271422487
208.325995395,	707.262366488,	690.219182288
339.699650435,	453.475385475,	447.406227465
336.723408426,	455.524605853,	572.353987267
333.747166417,	457.573826231,	697.301747068
339.471242009,	578.458279622,	445.350990199
336.495,	580.5075,	570.29875
333.518757991,	582.556720378,	695.246509801
339.242833583,	703.441173769,	443.295752932
336.266591574,	705.490394147,	568.243512733
333.290349565,	707.539614525,	693.191272535
464.664004605,	453.752633512,	450.378317712
461.687762596,	455.80185389,	575.326077513
458.711520587,	457.851074268,	700.273837314
464.435596179,	578.735527659,	448.323080445
461.45935417,	580.784748037,	573.270840246
458.483112161,	582.833968415,	698.218600047
464.207187753,	703.718421806,	446.267843178
461.230945744,	705.767642184,	571.21560298
458.254703735,	707.816862562,	696.163362781
445.95353239,	207.525783732,	216.359717442
450.418499101,	206.599698081,	341.276515502
454.883465812,	205.673612431,	466.193313563
446.20505567,	332.522162038,	217.277402741
450.670022381,	331.596076388,	342.194200802
455.134989092,	330.669990738,	467.110998862
446.45657895,	457.518540345,	218.195088041
450.921545661,	456.592454694,	343.111886101
455.386512372,	455.666369044,	468.028684161
570.873510009,	207.307207344,	211.89301664
575.33847672,	206.381121694,	336.809814701
579.803443431,	205.455036043,	461.726612761
571.125033289,	332.30358565,	212.81070194
575.59,	331.3775,	337.7275
580.054966711,	330.45141435,	462.64429806
571.376556569,	457.299963957,	213.728387239
575.84152328,	456.373878306,	338.645185299
580.306489991,	455.447792656,	463.56198336
695.793487628,	207.088630956,	207.426315839
700.258454339,	206.162545306,	332.343113899
704.72342105,	205.236459655,	457.259911959
696.045010908,	332.085009262,	208.344001138
700.509977619,	331.158923612,	333.260799198
704.97494433,	330.232837962,	458.177597259
696.296534188,	457.081387569,	209.261686437
700.761500899,	456.155301919,	334.178484498
705.22646761,	455.229216268,	459.095282558
453.390542901,	218.269397074,	438.721011046
449.831946645,	214.700964835,	563.619380467
446.273350389,	211.132532595,	688.517749888
452.315138889,	343.214657303,	442.260142646
448.756542634,	339.646225064,	567.158512067
445.197946378,	336.077792824,	692.056881488
451.239734878,	468.159917532,	445.799274247
447.681138622,	464.591485293,	570.697643668
444.122542366,	461.023053054,	695.596013089
578.335250267,	219.24317201,	442.308748978
574.776654011,	215.674739771,	567.2071184
571.218057755,	212.106307532,	692.105487821
577.259846256,	344.188432239,	445.847880579
573.70125,	340.62,	570.74625
570.142653744,	337.051567761,	695.644619421
576.184442245,	469.133692468,	449.387012179
572.625845989,	465.565260229,	574.2853816
569.067249733,	461.99682799,	699.183751022
703.279957634,	220.216946946,	445.896486911
699.721361378,	216.648514707,	570.794856332
696.162765122,	213.080082468,	695.693225753
702.204553622,	345.162207176,	449.435618512
698.645957366,	341.593774936,	574.333987933
695.087361111,	338.025342697,	699.232357354
701.129149611,	470.107467405,	452.974750112
697.570553355,	466.539035165,	577.873119533
694.011957099,	462.970602926,	702.771488954
454.768164078,	448.258545613,	205.285825346
452.14987741,	445.923232771,	330.236579201
449.531590741,	443.587919928,	455.187333056
455.855441191,	573.231563693,	207.644337705
453.237154522,	570.89625085,	332.59509156
450.618867853,	568.560938008,	457.545845415
456.942718303,	698.204581773,	210.002850064
454.324431634,	695.86926893,	334.953603919
451.706144966,	693.533956088,	459.904357774
579.736009556,	447.122294763,	207.883233786
577.117722888,	444.78698192,	332.833987641
574.499436219,	442.451669078,	457.784741496
580.823286669,	572.095312842,	210.241746145
578.205,	569.76,	335.1925
575.586713331,	567.424687158,	460.143253855
581.910563781,	697.068330922,	212.600258504
579.292277112,	694.73301808,	337.551012359
576.673990444,	692.397705237,	462.501766214
704.703855034,	445.986043912,	210.480642226
702.085568366,	443.65073107,	335.431396081
699.467281697,	441.315418227,	460.382149936
705.791132147,	570.959061992,	212.839154585
703.172845478,	568.62374915,	337.78990844
700.554558809,	566.288436307,	462.740662295
706.878409259,	695.932080072,	215.197666944
704.26012259,	693.596767229,	340.148420799
701.641835922,	691.261454387,	465.099174654
458.230604435,	446.376717982,	448.414264039
456.092158501,	448.825726344,	573.371974514
453.953712567,	451.274734707,	698.329684988
456.577669924,	571.341233558,	445.936835047
454.43922399,	573.79024192,	570.894545522
452.300778056,	576.239250283,	695.852255996
454.924735413,	696.305749134,	443.459406055
452.78628948,	698.754757496,	568.41711653
450.647843546,	701.203765858,	693.374827004
583.201380445,	448.071476062,	450.519718518
581.062934511,	450.520484424,	575.477428992
578.924488577,	452.969492787,	700.435139467
581.548445934,	573.035991638,	448.042289526
579.41,	575.485,	573.0
577.271554066,	577.934008362,	697.957710474
579.895511423,	698.000507213,	445.564860533
577.757065489,	700.449515576,	570.522571008
575.618619555,	702.898523938,	695.480281482
708.172156454,	449.766234142,	452.625172996
706.03371052,	452.215242504,	577.58288347
703.895264587,	454.664250866,	702.540593945
706.519221944,	574.730749717,	450.147744004
704.38077601,	577.17975808,	575.105454478
702.242330076,	579.628766442,	700.063164953
704.866287433,	699.695265293,	447.670315012
702.727841499,	702.144273656,	572.628025486
700.589395565,	704.593282018,	697.585735961
