27, 8, pa1-debug-b-output.txt
170.330973907,	232.338819751,	211.203786457
407.258247368,	431.909365348,	205.587954916
210.168337408,	208.394388783,	208.896018351
212.775169243,	205.551710235,	333.836498607
215.382001078,	202.709031687,	458.776978862
211.340853907,	333.357103305,	211.714738704
213.947685742,	330.514424757,	336.655218959
216.554517577,	327.671746209,	461.595699215
212.513370407,	458.319817827,	214.533459056
215.120202242,	455.477139279,	339.473939312
217.727034077,	452.63446073,	464.414419567
335.135651666,	207.281214027,	206.263299392
337.742483501,	204.438535478,	331.203779647
340.349315336,	201.59585693,	456.144259903
336.308168165,	332.243928548,	209.082019745
338.915,	329.40125,	334.0225
341.521831835,	326.558571452,	458.962980255
337.480684664,	457.20664307,	211.900740097
340.087516499,	454.363964522,	336.841220353
342.694348334,	451.521285973,	461.781700608
460.102965923,	206.16803927,	203.630580433
462.709797758,	203.325360721,	328.571060688
465.316629593,	200.482682173,	453.511540944
461.275482423,	331.130753791,	206.449300785
463.882314258,	328.288075243,	331.389781041
466.489146093,	325.445396695,	456.330261296
462.447998922,	456.093468313,	209.268021138
465.054830757,	453.250789765,	334.208501393
467.661662592,	450.408111217,	459.148981649
210.057056085,	208.533470976,	453.376677824
210.719529669,	210.943387286,	578.351689055
211.382003254,	213.353303596,	703.326700286
209.921855031,	333.510178086,	450.967445492
210.584328616,	335.920094397,	575.942456723
211.2468022,	338.330010707,	700.917467954
209.786653977,	458.486885197,	448.55821316
210.449127562,	460.896801507,	573.533224391
211.111601146,	463.306717818,	698.508235622
335.055227469,	208.655876579,	452.711721101
335.717701054,	211.065792889,	577.686732332
336.380174638,	213.475709199,	702.661743563
334.920026415,	333.63258369,	450.302488769
335.5825,	336.0425,	575.2775
336.244973585,	338.45241631,	700.252511231
334.784825362,	458.609290801,	447.893256437
335.447298946,	461.019207111,	572.868267668
336.109772531,	463.429123421,	697.843278899
460.053398854,	208.778282182,	452.046764378
460.715872438,	211.188198493,	577.021775609
461.378346023,	213.598114803,	701.99678684
459.9181978,	333.754989293,	449.637532046
460.580671384,	336.164905603,	574.612543277
461.243144969,	338.574821914,	699.587554508
459.782996746,	458.731696404,	447.228299714
460.445470331,	461.141612714,	572.203310945
461.107943915,	463.551529024,	697.178322176
211.105669723,	447.118906673,	216.455844339
214.673588633,	448.425402605,	341.398083085
218.241507543,	449.731898537,	466.340321832
212.551375597,	572.103274636,	215.107623502
216.119294507,	573.409770568,	340.049862249
219.687213417,	574.7162665,	464.992100995
213.99708147,	697.087642599,	213.759402665
217.56500038,	698.394138531,	338.701641412
221.13291929,	699.700634463,	463.643880159
336.046375217,	445.635386105,	212.90348209
339.614294127,	446.941882037,	337.845720837
343.182213037,	448.248377969,	462.787959583
337.49208109,	570.619754068,	211.555261253
341.06,	571.92625,	336.4975
344.62791891,	573.232745932,	461.439738747
338.937786963,	695.604122031,	210.207040417
342.505705873,	696.910617963,	335.149279163
346.073624783,	698.217113895,	460.09151791
460.98708071,	444.151865537,	209.351119841
464.55499962,	445.458361469,	334.293358588
468.12291853,	446.764857401,	459.235597335
462.432786583,	569.1362335,	208.002899005
466.000705493,	570.442729432,	332.945137751
469.568624403,	571.749225364,	457.887376498
463.878492457,	694.120601463,	206.654678168
467.446411367,	695.427097395,	331.596916915
471.014330277,	696.733593327,	456.539155661
209.475434343,	446.96117041,	455.599493643
211.435299441,	444.464083865,	580.559181093
213.395164538,	441.96699732,	705.518868543
208.341890555,	571.930724865,	458.114555839
210.301755653,	569.43363832,	583.074243289
212.261620751,	566.936551774,	708.033930739
207.208346767,	696.90027932,	460.629618035
209.168211865,	694.403192774,	585.589305485
211.128076963,	691.906106229,	710.548992935
334.45492869,	448.13378209,	453.662750354
336.414793788,	445.636695545,	578.622437804
338.374658886,	443.139609,	703.582125254
333.321384902,	573.103336545,	456.17781255
335.28125,	570.60625,	581.1375
337.241115098,	568.109163455,	706.09718745
332.187841114,	698.072891,	458.692874746
334.147706212,	695.575804455,	583.652562196
336.10757131,	693.07871791,	708.612249646
459.434423037,	449.306393771,	451.726007065
461.394288135,	446.809307226,	576.685694515
463.354153233,	444.31222068,	701.645381965
458.300879249,	574.275948226,	454.241069261
460.260744347,	571.77886168,	579.200756711
462.220609445,	569.281775135,	704.160444161
457.167335462,	699.24550268,	456.756131457
459.127200559,	696.748416135,	581.715818907
461.087065657,	694.25132959,	706.675506357
451.722392469,	206.867241471,	209.997911962
455.775276951,	205.571214231,	334.925468733
459.828161433,	204.275186992,	459.853025504
452.383334595,	331.85898876,	211.273162925
456.436219077,	330.562961521,	336.200719696
460.489103559,	329.266934282,	461.128276467
453.04427672,	456.85073605,	212.548413888
457.097161203,	455.55470881,	337.475970659
461.150045685,	454.258681571,	462.40352743
576.654923392,	206.24802995,	205.938442266
580.707807874,	204.95200271,	330.865999037
584.760692356,	203.655975471,	455.793555808
577.315865518,	331.239777239,	207.213693229
581.36875,	329.94375,	332.14125
585.421634482,	328.647722761,	457.068806771
577.976807644,	456.231524529,	208.488944192
582.029692126,	454.93549729,	333.416500963
586.082576608,	453.63947005,	458.344057734
701.587454315,	205.628818429,	201.87897257
705.640338797,	204.33279119,	326.806529341
709.69322328,	203.03676395,	451.734086112
702.248396441,	330.620565718,	203.154223533
706.301280923,	329.324538479,	328.081780304
710.354165405,	328.02851124,	453.009337075
702.909338567,	455.612313008,	204.429474496
706.962223049,	454.316285769,	329.357031267
711.015107531,	453.020258529,	454.284588038
454.875488921,	202.83525796,	448.87310698
450.880026421,	201.968106258,	573.806226397
446.884563922,	201.100954556,	698.739345815
453.472214689,	327.82467369,	449.695771583
449.47675219,	326.957521988,	574.628891
445.481289691,	326.090370286,	699.562010417
452.068940458,	452.814089419,	450.518436185
448.073477959,	451.946937717,	575.451555603
444.07801546,	451.079786015,	700.38467502
579.803736731,	204.211485973,	452.87796598
575.808274231,	203.344334271,	577.811085397
571.812811732,	202.477182568,	702.744204815
578.400462499,	329.200901702,	453.700630583
574.405,	328.33375,	578.63375
570.409537501,	327.466598298,	703.566869417
576.997188268,	454.190317432,	454.523295185
573.001725769,	453.323165729,	579.456414603
569.006263269,	452.456014027,	704.38953402
704.73198454,	205.587713985,	456.88282498
700.736522041,	204.720562283,	581.815944397
696.741059542,	203.853410581,	706.749063815
703.328710309,	330.577129714,	457.705489583
699.33324781,	329.709978012,	582.638609
695.337785311,	328.84282631,	707.571728417
701.925436078,	455.566545444,	458.528154185
697.929973579,	454.699393742,	583.461273603
693.934511079,	453.83224204,	708.39439302
443.047404552,	457.668233359,	208.410178096
440.481796117,	455.413749658,	333.363509211
437.916187682,	453.159265956,	458.316840325
445.460234669,	582.62370359,	210.714241908
442.894626234,	580.369219889,	335.667573022
440.329017799,	578.114736188,	460.620904137
447.873064787,	707.579173822,	213.018305719
445.307456352,	705.324690121,	337.971636833
442.741847917,	703.07020642,	462.924967948
567.997778317,	455.20901347,	210.931355074
565.432169882,	452.954529768,	335.884686189
562.866561448,	450.700046067,	460.838017303
570.410608435,	580.164483701,	213.235418886
567.845,	577.91,	338.18875
565.279391565,	575.655516299,	463.142081114
572.823438552,	705.119953933,	215.539482697
570.257830118,	702.865470232,	340.492813811
567.692221683,	700.61098653,	465.446144926
692.948152083,	452.74979358,	213.452532052
690.382543648,	450.495309879,	338.405863167
687.816935213,	448.240826178,	463.359194281
695.360982201,	577.705263812,	215.756595863
692.795373766,	575.450780111,	340.709926978
690.229765331,	573.19629641,	465.663258092
697.773812318,	702.660734044,	218.060659675
695.208203883,	700.406250342,	343.013990789
692.642595448,	698.151766641,	467.967321904
449.418610667,	447.668114005,	455.267397348
453.376981665,	448.738556405,	580.200121052
457.335352663,	449.808998804,	705.132844756
450.76911889,	572.655856574,	454.153694008
454.727489888,	573.726298973,	579.086417712
458.685860886,	574.796741373,	704.019141416
452.119627113,	697.643599142,	453.039990668
456.077998111,	698.714041542,	577.972714372
460.036369109,	699.784483941,	702.905438076
574.348620779,	446.283065032,	451.320979636
578.306991777,	447.353507431,	576.25370334
582.265362775,	448.423949831,	701.186427044
575.699129002,	571.270807601,	450.207276296
579.6575,	572.34125,	575.14
583.615870998,	573.411692399,	700.072723704
577.049637225,	696.258550169,	449.093572956
581.008008223,	697.328992569,	574.02629666
584.966379221,	698.399434968,	698.959020364
699.278630891,	444.898016059,	447.374561924
703.237001889,	445.968458458,	572.307285628
707.195372887,	447.038900858,	697.240009332
700.629139114,	569.885758627,	446.260858584
704.587510112,	570.956201027,	571.193582288
708.54588111,	572.026643426,	696.126305992
701.979647337,	694.873501196,	445.147155244
705.938018335,	695.943943595,	570.079878948
709.896389333,	697.014385995,	695.012602652
