Differences in C_i and C_i expected
average differences - x: -0.109409722222 	y: 0.569016203704 	z: 0.333206018519
[[ -6.09791044e+00  -3.58460548e+00   7.24734421e+00]
 [  5.12999162e+00  -8.37690656e-01   8.82182110e+00]
 [  1.53178937e+01   1.70922417e+00   1.12662980e+01]
 [ -8.41801460e+00  -5.44449868e+00   7.58029512e+00]
 [  1.20988746e+00  -1.63758386e+00   8.03477201e+00]
 [  1.01577895e+01   1.87933097e+00   9.49924890e+00]
 [ -1.08481188e+01  -5.07439188e+00   7.25324603e+00]
 [ -3.27021670e+00  -1.44747705e+00   6.93772292e+00]
 [  4.36768536e+00   1.41943777e+00   7.23219982e+00]
 [ -2.93279790e+00   5.29783772e-02   1.18882220e+00]
 [  4.53510416e+00   1.61989320e+00   1.99329909e+00]
 [  1.15830062e+01   2.73680802e+00   3.05777598e+00]
 [ -5.65290206e+00  -2.20691482e+00  -1.06822689e+00]
 [  2.33500000e+00   1.82000000e+00   4.62500000e-02]
 [  9.53290206e+00   4.81691482e+00   1.57072689e+00]
 [ -9.19300622e+00  -3.58680802e+00  -2.40527598e+00]
 [ -8.35104163e-01   1.46010680e+00  -1.62079909e+00]
 [  6.70279790e+00   5.23702162e+00  -4.56322197e-01]
 [ -1.37768536e+00   2.57056223e+00  -4.84969982e+00]
 [  2.78021670e+00   3.39747705e+00  -5.43522292e+00]
 [  7.51811877e+00   3.64439188e+00  -6.16074603e+00]
 [ -3.81778952e+00   9.40669034e-01  -8.60674890e+00]
 [  1.99011254e+00   4.41758386e+00  -7.58227201e+00]
 [  7.63801460e+00   6.59449868e+00  -6.73779512e+00]
 [ -7.38789368e+00  -1.34922417e+00  -1.07537980e+01]
 [  5.10008378e-01   3.88769066e+00  -9.31932110e+00]
 [  7.40791044e+00   7.69460548e+00  -7.89484421e+00]
 [  9.84486017e+00   8.45273641e+00  -8.19360958e+00]
 [  3.65837562e+00   3.27097358e+00  -6.79520505e+00]
 [ -5.06810893e+00  -3.78078925e+00  -7.63680052e+00]
 [  7.90804593e+00   8.67406405e+00  -3.82594924e+00]
 [  1.51156137e+00   3.56230122e+00  -2.42754471e+00]
 [ -6.81492318e+00  -4.29946161e+00  -2.24914018e+00]
 [  5.12123168e+00   8.21539169e+00   5.17110976e-02]
 [ -9.05252875e-01   2.64362886e+00   6.00115628e-01]
 [ -7.62173743e+00  -5.06813396e+00   9.68520158e-01]
 [  6.00579880e+00   6.76043519e+00  -3.12856487e+00]
 [ -7.30685752e-01   1.08867236e+00  -2.54016034e+00]
 [ -7.23717031e+00  -5.33309047e+00  -2.77175581e+00]
 [  7.27898455e+00   8.79176283e+00   1.42909547e+00]
 [  2.82500000e-01   3.04000000e+00   2.30750000e+00]
 [ -7.30398455e+00  -5.52176283e+00   1.75590453e+00]
 [  7.37217031e+00   9.01309047e+00   5.53675581e+00]
 [  8.55685752e-01   3.22132764e+00   6.02516034e+00]
 [ -6.42079880e+00  -6.06043519e+00   5.30356487e+00]
 [  2.38673743e+00   5.04813396e+00   1.09647984e+00]
 [ -4.04974713e+00  -7.03628865e-01   9.64884372e-01]
 [ -8.07623168e+00  -6.34539169e+00   1.88328890e+00]
 [  5.72992318e+00   7.84946161e+00   6.52414018e+00]
 [ -1.01656137e+00   1.91769878e+00   6.69254471e+00]
 [ -6.64304593e+00  -6.26406405e+00   5.81094924e+00]
 [  8.31310893e+00   8.56078925e+00   1.13218005e+01]
 [  1.70662438e+00   2.85902642e+00   1.15602050e+01]
 [ -4.80986017e+00  -6.75273641e+00   1.00686096e+01]
 [  1.82623548e+00  -6.43620965e+00   1.57298752e+00]
 [  1.78765474e+00  -2.75436075e+00   1.21145775e+00]
 [  1.73907400e+00   1.87488144e-01   1.61992798e+00]
 [ -1.92855633e+00  -3.53264997e+00   5.10607090e-01]
 [ -3.05713707e+00  -1.62080107e+00   2.89077324e-01]
 [ -3.53571781e+00  -1.02895217e+00  -1.02452442e-01]
 [ -6.02334814e+00   6.50909715e-01  -1.02177334e+00]
 [ -6.30192888e+00  -4.07241386e-01  -4.03303102e-01]
 [ -5.91050962e+00  -3.18539249e+00  -1.04483287e+00]
 [  3.50712255e+00  -3.57290858e+00  -3.07339808e-01]
 [  4.14854181e+00   1.43894032e+00   4.31130426e-01]
 [  3.93996107e+00   5.34078921e+00   1.67960066e+00]
 [ -5.37669257e-01  -3.10934890e+00  -2.97202340e-02]
 [ -5.36250000e-01   4.92500000e-01   3.87500000e-02]
 [ -8.64830743e-01   3.29434890e+00   1.07220234e-01]
 [ -3.46246107e+00  -1.01578921e+00   1.17789934e+00]
 [ -4.94104181e+00  -8.53940316e-01   5.36369574e-01]
 [ -6.07962255e+00  -8.92091418e-01  -9.65160192e-01]
 [  5.25800962e+00  -4.96075118e-02  -9.77667132e-01]
 [  5.41942888e+00   5.03224139e+00   4.30803102e-01]
 [  4.42084814e+00   8.93409028e+00   1.96927334e+00]
 [  1.29321781e+00  -1.81604783e+00  -2.00475581e-02]
 [  1.60463707e+00   2.73580107e+00   1.08422676e-01]
 [  7.36056327e-01   6.93764997e+00   3.76892910e-01]
 [ -7.71573995e-01  -2.14248814e+00   2.58757202e+00]
 [ -2.82015474e+00  -1.40639246e-01   6.56042250e-01]
 [ -5.28873548e+00   2.50120965e+00  -1.61548752e+00]
 [  2.37529627e+00   3.85813744e+00  -4.67586278e+00]
 [ -2.48094574e+00   1.93735782e+00  -4.00810298e+00]
 [ -8.11718775e+00  -2.22342181e+00  -3.64034318e+00]
 [  6.56887839e-01   2.86103158e+00  -4.13110005e+00]
 [ -3.62935417e+00  -1.97480373e-02  -4.89334025e+00]
 [ -7.75559618e+00  -3.13052766e+00  -5.56558044e+00]
 [  1.97847941e+00   1.16392573e+00  -2.83633731e+00]
 [ -1.71776260e+00  -2.72685389e+00  -4.89857751e+00]
 [ -5.52400461e+00  -3.87763351e+00  -7.16081771e+00]
 [  4.47965044e+00   5.44538548e+00  -5.43772535e-01]
 [ -8.76591574e-01   3.19460585e+00  -1.60127333e-02]
 [ -6.99283358e+00  -2.52617377e+00  -7.88252932e-01]
 [  3.19124201e+00   3.45827962e+00   1.30990199e-01]
 [ -1.24500000e+00   1.17750000e+00  -4.51250000e-01]
 [ -5.59124201e+00  -3.36327962e+00  -1.52349020e+00]
 [  1.79283358e+00  -4.38826231e-01   1.39575293e+00]
 [ -1.65340843e+00  -2.68960585e+00  -6.56487267e-01]
 [ -3.57965044e+00  -4.12038548e+00  -2.19872747e+00]
 [  5.07400461e+00   5.63263351e+00   3.86831771e+00]
 [ -2.92237404e-01   3.40185389e+00   4.05607751e+00]
 [ -5.44847941e+00  -2.52892573e+00   2.49383731e+00]
 [  4.88559618e+00   3.50552766e+00   4.48308044e+00]
 [  1.69354170e-01   1.81474804e+00   4.20084025e+00]
 [ -3.83688784e+00  -3.49603158e+00   3.30860005e+00]
 [  2.40718775e+00  -1.02157819e+00   4.91784318e+00]
 [ -1.41905426e+00  -2.03235782e+00   3.57560298e+00]
 [ -2.37529627e+00  -4.49313744e+00   3.81336278e+00]
 [  1.19353239e+00  -2.33421627e+00   9.02971744e+00]
 [  4.59849910e+00  -1.51030192e+00   8.77651550e+00]
 [  8.30346581e+00  -1.47638757e+00   8.15331356e+00]
 [ -3.07494433e+00  -4.11783796e+00   5.65740274e+00]
 [  2.13002238e+00  -6.13923612e-01   6.81420080e+00]
 [  6.87498909e+00   1.46999074e+00   7.77099886e+00]
 [ -8.14342105e+00  -6.25145966e+00   4.10508804e+00]
 [ -9.98454339e-01  -1.11754531e+00   5.46188610e+00]
 [  5.02651237e+00   2.54636904e+00   6.86868416e+00]
 [  2.63510009e-01   1.47207344e-01   3.18301664e+00]
 [  3.81847672e+00   1.05112169e+00   1.26981470e+00]
 [  7.79344343e+00   1.33503604e+00  -6.23387239e-01]
 [ -2.96496671e+00  -5.76414350e-01   2.40701940e-01]
 [  1.01000000e+00   1.79750000e+00   4.07500000e-01]
 [  5.09496671e+00   3.10141435e+00   3.94298060e-01]
 [ -7.06344343e+00  -2.26003604e+00  -1.64161276e+00]
 [ -1.76847672e+00   1.59387831e+00  -4.54814701e-01]
 [  2.97648999e+00   4.16779266e+00   6.11983360e-01]
 [ -3.29651237e+00   9.68630956e-01  -3.82368416e+00]
 [  4.21845434e+00   2.58254531e+00  -7.31688610e+00]
 [  1.11434210e+01   4.26645966e+00  -9.23008804e+00]
 [ -4.96498909e+00   1.57500926e+00  -4.42599886e+00]
 [ -4.50022381e-01   2.73892361e+00  -6.15920080e+00]
 [  4.29494433e+00   3.70283796e+00  -7.11240274e+00]
 [ -7.17346581e+00   1.81138757e+00  -6.08831356e+00]
 [ -4.26849910e+00   3.44530192e+00  -6.13151550e+00]
 [ -8.43532390e-01   4.20921627e+00  -6.03471744e+00]
 [  1.07054290e+00   1.05993971e+01  -1.16989890e+01]
 [ -5.04805336e+00   2.80096483e+00  -1.18106195e+01]
 [ -8.86664961e+00  -4.80746740e+00  -1.09122501e+01]
 [  5.46513889e+00   1.34846573e+01  -4.22985735e+00]
 [ -1.02345737e+00   5.43622506e+00  -4.07148793e+00]
 [ -6.44205362e+00  -4.77220718e+00  -4.92311851e+00]
 [  9.19973488e+00   1.43899175e+01   2.61927425e+00]
 [  2.81113862e+00   6.50148529e+00   2.83764367e+00]
 [ -3.57745763e+00  -5.22694695e+00   1.33601309e+00]
 [  7.65250267e-01   7.72317201e+00  -8.31125102e+00]
 [ -5.03334599e+00   3.54739771e-01  -8.10288160e+00]
 [ -8.67194224e+00  -6.81369247e+00  -5.31451218e+00]
 [  3.82984626e+00   9.50843224e+00   5.97880579e-01]
 [ -2.22875000e+00   1.80000000e+00   5.96250000e-01]
 [ -6.10734626e+00  -7.10843224e+00   5.34619421e-01]
 [  7.53444224e+00   1.04936925e+01   8.40701218e+00]
 [  1.25584599e+00   2.69526023e+00   8.43538160e+00]
 [ -3.40275027e+00  -7.96317201e+00   7.02375102e+00]
 [  3.67995763e+00   4.54694695e+00  -4.76351309e+00]
 [ -2.08863862e+00  -1.80148529e+00  -3.08514367e+00]
 [ -8.15723488e+00  -8.61991753e+00   1.99322575e+00]
 [  2.63455362e+00   4.26220718e+00   5.40561851e+00]
 [ -3.27404263e+00  -2.70622506e+00   6.01398793e+00]
 [ -6.91263889e+00  -9.76465730e+00   7.93235735e+00]
 [  3.90914961e+00   5.09746740e+00   1.39447501e+01]
 [ -2.28944664e+00  -2.70096483e+00   1.39031195e+01]
 [ -5.09804290e+00  -1.12193971e+01   1.36014890e+01]
 [  6.13816408e+00  -3.13145439e+00  -5.02417465e+00]
 [  4.62987741e+00  -1.86767229e-01  -3.64342080e+00]
 [  1.99159074e+00   1.39791993e+00  -2.16266694e+00]
 [  2.98544119e+00  -4.71843631e+00  -1.80566229e+00]
 [  1.38715452e+00  -2.29374915e+00  -1.75490844e+00]
 [ -1.12113215e+00  -5.39061992e-01  -1.53415459e+00]
 [  1.55271830e+00  -5.00541823e+00   2.89285006e+00]
 [ -2.63556837e+00  -5.23073107e+00   8.23603919e-01]
 [ -6.55385503e+00  -5.05604391e+00  -1.31564223e+00]
 [  7.26600956e+00  -1.77705237e-01  -2.20676621e+00]
 [  3.97772289e+00   1.51698192e+00  -9.96012359e-01]
 [  1.94362188e-02   2.01166908e+00   1.34741496e-01]
 [  4.31328667e+00  -2.21468716e+00   3.21746145e-01]
 [  1.59500000e+00   1.00000000e-02   2.62500000e-01]
 [ -2.01328667e+00   1.31468716e+00   4.43253855e-01]
 [  2.34056378e+00  -3.39166908e+00   4.10025850e+00]
 [ -1.32772289e+00  -2.03698192e+00   1.29101236e+00]
 [ -5.29600956e+00  -1.05229476e+00  -9.98233786e-01]
 [  7.22385503e+00   2.71604391e+00   2.03064223e+00]
 [  1.70556837e+00   2.31073107e+00   1.99139608e+00]
 [ -3.59271830e+00   1.01541823e+00   2.10214994e+00]
 [  4.72113215e+00   2.24906199e+00   2.75915459e+00]
 [ -1.37154522e-01   2.85374915e+00   2.30990844e+00]
 [ -5.06544119e+00   2.00843631e+00   2.01066229e+00]
 [  1.19840926e+00   1.86208007e+00   3.68766694e+00]
 [ -1.08987741e+00   3.15676723e+00   1.05842080e+00]
 [ -3.96816408e+00   2.77145439e+00  -8.80825346e-01]
 [  8.39060443e+00  -4.03282018e-01  -4.15735961e-01]
 [  1.67215850e+00   2.55572634e+00  -1.98025486e-01]
 [ -4.88628743e+00   1.91473471e+00  -1.73031501e+00]
 [  6.12766992e+00  -2.52876644e+00  -5.09316495e+00]
 [  2.09223990e-01   9.20241920e-01  -5.33545448e+00]
 [ -5.24922194e+00   7.29250283e-01  -6.29774400e+00]
 [  1.59473541e+00  -7.14425087e+00  -1.00505939e+01]
 [ -3.07371052e+00  -2.87524250e+00  -1.12328835e+01]
 [ -5.40215645e+00  -2.66234142e-01  -1.09151730e+01]
 [  6.52138044e+00  -7.28523938e-01   5.44971852e+00]
 [ -5.70654893e-02   2.38048442e+00   5.48742899e+00]
 [ -4.77551142e+00   3.04949279e+00   4.20513947e+00]
 [  5.40844593e+00  -1.60400836e+00   3.22289526e-01]
 [ -7.50000000e-01   1.78500000e+00   3.30000000e-01]
 [ -5.22844593e+00   1.87400836e+00  -5.22895255e-02]
 [  2.91551142e+00  -4.18949279e+00  -6.27513947e+00]
 [ -2.26293451e+00  -2.30484424e-01  -6.46742899e+00]
 [ -5.14138044e+00   9.98523938e-01  -4.35971852e+00]
 [  2.94215645e+00  -2.47376586e+00   1.10351730e+01]
 [ -3.48628948e+00   8.05242504e-01   1.10828835e+01]
 [ -6.47473541e+00   3.79425087e+00   1.11905939e+01]
 [  2.75922194e+00  -1.45925028e+00   5.30774400e+00]
 [ -3.46922399e+00   1.35975808e+00   5.27545448e+00]
 [ -6.73766992e+00   2.96876644e+00   5.67316495e+00]
 [  4.68628743e+00  -9.14734707e-01  -2.86968499e+00]
 [ -7.82158501e-01   1.86427366e+00  -2.43197451e+00]
 [ -5.25060443e+00   2.80328202e+00   5.35735961e-01]]