Differences in C_i and C_i expected
average differences - x: -1.07607172262 	y: -0.11406485259 	z: 1.21243039779
[[  7.56874029e+00   1.81599103e+00  -8.33040971e+00]
 [  5.34043715e+00  -4.73674581e+00  -3.72362760e+00]
 [  1.68213401e+00  -8.28948265e+00  -1.83684549e+00]
 [  6.47275867e-01   2.63203299e+00  -2.92349640e+00]
 [  2.41897272e+00  -4.56070385e+00   2.37328571e+00]
 [  2.31066958e+00  -9.22344069e+00   5.48006782e+00]
 [ -6.28418856e+00   3.73807495e+00   3.39341692e+00]
 [ -1.82249170e+00  -2.25466189e+00   7.37019903e+00]
 [  2.89205151e-01  -7.48739873e+00   1.03369811e+01]
 [  3.56903378e+00   6.21546697e+00  -4.94763072e+00]
 [  5.50073064e+00  -2.14726987e+00  -4.85084861e+00]
 [  4.81242749e+00  -7.57000671e+00  -3.63406650e+00]
 [  1.29756935e+00   4.95150893e+00   6.79282595e-01]
 [  2.10926621e+00  -2.26122791e+00   2.27606470e+00]
 [  1.35096306e+00  -7.66396475e+00   1.95284681e+00]
 [ -1.93895075e-01   4.58755090e+00   6.80619591e+00]
 [ -2.20219822e+00  -3.65185942e-01   9.18297802e+00]
 [ -5.19050136e+00  -5.63792278e+00   7.76976013e+00]
 [ -9.10672733e-01   1.07849429e+01  -3.49485173e+00]
 [  5.56102412e+00   1.12206076e-01  -5.03806962e+00]
 [  8.84272098e+00  -7.31053076e+00  -3.86128751e+00]
 [ -4.92137161e-01   8.53098488e+00   2.00206159e+00]
 [  2.29559695e-01   8.28248039e-01   1.83884370e+00]
 [  3.61256551e-01  -5.91448880e+00  -1.24374192e-01]
 [  1.84639841e+00   6.75702684e+00   8.25897490e+00]
 [ -5.06190473e+00   2.34429000e+00   8.87575701e+00]
 [ -1.03502079e+01  -3.01844684e+00   5.40253912e+00]
 [  4.71763921e-01  -2.94970367e-01   5.43646263e-01]
 [ -2.76481874e+00   1.91419374e+00  -5.16284091e-03]
 [ -2.16140141e+00   5.27335784e+00  -3.14397194e+00]
 [  2.08252427e+00  -1.22308039e+00   5.01008883e+00]
 [ -6.84058396e-01   3.46083714e-01   3.80127973e+00]
 [ -3.23064106e+00   3.19524782e+00  -1.30752938e+00]
 [  1.00328462e+00   3.78809585e-01   7.76653140e+00]
 [ -1.83329805e+00  -1.04202631e+00   6.89772230e+00]
 [ -7.26988071e+00  -1.93286220e+00   2.11891319e+00]
 [  4.34584057e+00  -5.38198152e-01  -5.60512275e-01]
 [  3.79257904e-01   1.60965953e-01   4.80678621e-01]
 [ -5.24732476e+00   3.85013006e+00   1.30186952e+00]
 [  1.33660092e+00  -3.06308176e-01   2.76593029e+00]
 [ -1.33998175e+00  -7.07144071e-01   1.11712119e+00]
 [ -4.33656441e+00   1.70202003e+00  -1.95168791e+00]
 [ -4.20263874e+00   1.54558180e+00   6.27237286e+00]
 [ -5.56922140e+00  -4.05254095e-01   2.01356376e+00]
 [ -4.67580407e+00  -1.69608999e+00  -3.83524535e+00]
 [  8.01991722e+00  -7.81425937e-01  -3.94670814e-01]
 [  4.60333455e+00  -1.08226183e+00   2.13652008e+00]
 [ -4.84324811e+00   4.00690227e+00   4.12771098e+00]
 [  4.80677564e-01   5.60464039e-01   1.91177175e+00]
 [ -1.43590510e+00  -7.60371856e-01   4.52962651e-01]
 [ -5.17248777e+00   1.66879225e+00  -1.30584645e+00]
 [ -8.78856209e+00   3.57235401e+00   5.30821432e+00]
 [ -9.39514475e+00   7.91518120e-01  -1.05947806e-02]
 [ -4.24172742e+00  -9.79317774e-01  -5.51940388e+00]
 [ -6.07146997e+00   4.56381534e+00  -4.96293049e+00]
 [ -5.76126008e-02   5.31151209e+00  -4.18535450e-01]
 [  3.64624476e+00   7.22920883e+00   2.60585959e+00]
 [ -7.47899896e+00   6.45020304e+00  -5.73909078e+00]
 [ -1.22514159e+00   1.00278998e+01  -4.08469574e+00]
 [  2.52871578e+00   1.20555965e+01  -1.66030070e+00]
 [ -7.12652795e+00   7.71659074e+00  -7.42525106e+00]
 [ -3.49267058e+00   1.45042875e+01  -8.82085603e+00]
 [ -2.22881321e+00   1.73019842e+01  -6.82646099e+00]
 [ -3.13560651e-01   1.62765508e+00  -3.06893714e+00]
 [ -6.09703286e-01   3.58535182e+00  -8.64542107e-01]
 [ -1.32584592e+00   5.44304857e+00  -2.38014707e+00]
 [  1.06891036e+00   2.41404278e+00  -3.64509743e+00]
 [ -2.42723228e+00   6.26173953e+00  -2.39070239e+00]
 [ -5.74337491e+00   9.02943627e+00  -3.77630736e+00]
 [  2.13813692e-02   4.55043048e+00  -5.48125772e+00]
 [ -5.37476127e+00   8.99812723e+00  -6.31686268e+00]
 [ -9.93090390e+00   1.21158240e+01  -5.70246764e+00]
 [  1.40434866e+00  -1.08505183e-01  -3.69494380e+00]
 [ -2.97179397e+00   2.86919156e+00  -2.59054876e+00]
 [ -6.18793660e+00   4.15688831e+00  -6.24615373e+00]
 [  5.44681967e+00  -1.42117483e-01  -4.68110409e+00]
 [ -3.96932296e+00   4.11557926e+00  -2.91670905e+00]
 [ -1.11754656e+01   7.23327601e+00  -5.32231401e+00]
 [  5.27929068e+00   2.62427022e+00  -7.46726438e+00]
 [ -4.22685195e+00   5.56196696e+00  -4.98286934e+00]
 [ -1.17529946e+01   9.00966371e+00  -4.03847430e+00]
 [  1.48109936e+01   2.69093794e+00  -3.06692136e+00]
 [  1.44968480e+01  -2.62820920e-01  -3.85441532e+00]
 [  1.02627024e+01  -3.37657978e+00  -8.48190929e+00]
 [  1.13072371e+01   7.73304330e+00  -5.98075593e-01]
 [  9.68309149e+00   1.34928444e+00   3.64430438e-01]
 [  4.02894592e+00  -7.56447442e+00  -2.63063530e-01]
 [  3.89348056e+00   1.30351487e+01   6.00770169e-01]
 [  1.84933499e+00   3.80138980e+00   4.05327620e+00]
 [ -2.19481058e+00  -1.08423691e+01   7.39578223e+00]
 [  1.01360642e+01   3.65957768e+00  -6.79637604e+00]
 [  1.04719186e+01  -5.34181179e-01  -1.11238700e+01]
 [  1.30677730e+01  -3.66794004e+00  -1.62813640e+01]
 [  3.34230766e+00   7.14168304e+00  -1.29753028e+00]
 [  4.18816208e+00   1.50792418e+00  -4.90502425e+00]
 [  9.41401651e+00  -6.03583468e+00  -9.37251822e+00]
 [ -3.07144884e+00   1.00237884e+01   2.87131548e+00]
 [ -3.00559442e+00   3.33002954e+00   2.78382151e+00]
 [  3.08026001e+00  -7.20372932e+00   1.65632754e+00]
 [  5.30113475e+00   4.66821742e+00  -9.86583073e+00]
 [  6.94698917e+00   1.24458562e-01  -1.53633247e+01]
 [  1.42428436e+01  -3.31930030e+00  -2.07008187e+01]
 [ -2.00262175e+00   7.84032278e+00  -2.64698497e+00]
 [  6.93232676e-01   2.49656392e+00  -8.27447894e+00]
 [  1.28590871e+01  -4.56719494e+00  -1.49519729e+01]
 [ -5.35637825e+00   9.45242814e+00   5.42186080e+00]
 [ -3.78052382e+00   4.10866928e+00   3.09436683e+00]
 [  8.28533060e+00  -3.58508958e+00  -2.46312714e+00]
 [ -5.57419102e+00   2.57814966e+00   2.73994016e+00]
 [  1.19518520e+00  -1.27988053e+00   1.27766108e+00]
 [  5.57456142e+00  -2.24791073e+00   1.98538200e+00]
 [ -1.44681960e+00   2.53159880e-01   1.27954542e+00]
 [  3.12556626e-01  -5.04870311e-01   1.23726634e+00]
 [  7.11932849e-01  -8.12900503e-01  -2.25012737e-01]
 [  4.22055183e+00  -1.97182990e+00   8.59150685e-01]
 [ -1.21007195e+00   8.50139911e-01   2.15687161e+00]
 [ -5.72069573e+00   2.38210972e+00  -1.37540747e+00]
 [ -7.80732610e+00   4.30599525e+00  -6.90073421e-01]
 [  7.20501195e-02  -6.72034938e-01   6.47647500e-01]
 [  5.90142634e+00  -2.82006513e+00   3.74536842e+00]
 [ -3.96995468e+00   1.56100548e+00  -2.24046816e+00]
 [ -2.00057846e+00   4.29752846e-02  -7.62747237e-01]
 [ -4.81202233e-01  -8.85054907e-01  -4.05026316e-01]
 [  1.36741675e+00  -5.13984301e-01  -2.80086289e+00]
 [ -3.25320703e+00   1.77798551e+00  -1.14314197e+00]
 [ -6.98383081e+00   3.30995532e+00  -2.37542105e+00]
 [ -7.01046119e+00   6.87384085e+00  -6.78008700e+00]
 [ -1.93108496e+00   1.25581066e+00   1.11763392e+00]
 [  2.33829126e+00  -5.02219534e-01   6.77535484e+00]
 [ -5.01308976e+00   4.26885107e+00  -8.92048174e+00]
 [ -3.33371354e+00   2.20082088e+00  -3.24276082e+00]
 [ -1.42433731e+00   1.91279069e+00   2.20496010e+00]
 [ -3.71571834e+00   2.91386129e+00  -9.11087647e+00]
 [ -3.21634211e+00   4.58583110e+00  -5.43315555e+00]
 [ -2.48696589e+00   6.22780091e+00  -1.43543463e+00]
 [ -4.20791274e+00  -9.95048876e+00   1.09223482e+01]
 [ -6.73660656e-01  -1.23219318e+01   1.28348247e+01]
 [ -2.71940858e+00  -1.02033749e+01   1.42173011e+01]
 [ -1.09386941e+01  -8.49484172e+00   1.55457836e+01]
 [ -5.54444201e+00  -1.25762848e+01   1.34782601e+01]
 [ -1.10018993e+00  -1.26277279e+01   1.12907365e+01]
 [ -1.94094754e+01  -5.52919467e+00   2.17192190e+01]
 [ -1.24352234e+01  -1.11106378e+01   1.56616955e+01]
 [  5.89028714e-01  -1.56520808e+01   9.94417195e+00]
 [ -3.67359986e+00  -8.65273170e+00   6.82174893e+00]
 [  1.11065222e+00  -9.86417478e+00   8.71422540e+00]
 [ -2.55095701e-01  -5.11561787e+00   8.28670187e+00]
 [ -1.20943812e+01  -6.38708465e+00   9.83518434e+00]
 [ -6.04012914e+00  -1.02285277e+01   9.07766080e+00]
 [ -1.18587706e+00  -9.55997082e+00   6.41013727e+00]
 [ -2.03051626e+01  -2.41143761e+00   1.46886197e+01]
 [ -1.33009105e+01  -8.39288069e+00   1.07910962e+01]
 [ -2.36665841e+00  -1.37543238e+01   5.81357268e+00]
 [ -7.48928699e+00  -3.91497463e+00   4.38114966e+00]
 [  5.84965094e-01  -3.07641771e+00   4.82362613e+00]
 [  5.11921717e+00   4.38213920e+00   6.61025972e-02]
 [ -1.31500683e+01  -1.82932758e+00   6.43458507e+00]
 [ -5.86581626e+00  -3.62077067e+00   6.67706154e+00]
 [ -1.61564181e-01  -2.09221376e+00   1.93953800e+00]
 [ -1.61008497e+01   2.76631946e+00   9.37802047e+00]
 [ -1.08665976e+01  -2.65512363e+00   9.66049694e+00]
 [ -7.22234554e+00  -9.29656671e+00   5.54297341e+00]
 [  9.89391559e+00  -1.17978714e+01   9.24917092e+00]
 [  5.78283253e+00  -9.29302684e+00   1.01905853e+01]
 [  2.68174947e+00  -8.61818229e+00   6.56199976e+00]
 [  9.50601497e+00  -1.13201990e+01   8.93228082e+00]
 [  1.34931916e-01  -8.05535449e+00   1.05436952e+01]
 [ -6.78615114e+00  -5.46050994e+00   8.17510966e+00]
 [  4.41811436e+00  -8.71252670e+00   6.94539072e+00]
 [ -4.95296870e+00  -6.70768215e+00   9.38680513e+00]
 [ -1.22840518e+01  -3.89283760e+00   1.01982196e+01]
 [  7.05314633e+00  -6.39552904e+00   4.66213257e+00]
 [  3.64206328e+00  -4.23068449e+00   6.24354699e+00]
 [  1.58098022e+00  -3.45583994e+00   5.10496141e+00]
 [  6.23524572e+00  -5.85785669e+00   4.01524247e+00]
 [ -2.95837338e-01  -2.49301214e+00   6.79665689e+00]
 [ -4.81692040e+00  -2.58167589e-01   6.78807131e+00]
 [  1.74734510e+00  -3.07018434e+00   1.83835237e+00]
 [ -2.67373795e+00  -5.65339793e-01   7.27976679e+00]
 [ -6.43482101e+00   1.52950476e+00   1.04511812e+01]
 [  2.18237708e+00   9.36813320e-01  -2.72490578e+00]
 [  3.48129402e+00   2.12165787e+00   5.76508642e-01]
 [  5.54021096e+00   3.63650242e+00   4.87792306e+00]
 [ -2.56552354e+00   2.21448567e+00  -2.98179588e+00]
 [  1.23339341e+00   5.52933022e+00   8.29618541e-01]
 [  4.00231035e+00   7.51417477e+00   5.29103296e+00]
 [ -8.64342415e+00   5.26215801e+00  -3.70868598e+00]
 [ -1.26450721e+00   8.43700256e+00   2.86272844e+00]
 [  3.64440973e+00   9.47184711e+00   8.62414286e+00]
 [ -3.64224939e+00  -4.44295979e+00   1.98681847e+00]
 [ -4.17858518e+00  -2.77426376e+00  -3.61397154e+00]
 [  4.85079039e-01   1.74432282e-01  -8.99476155e+00]
 [ -8.09748342e+00  -1.26201327e+00   2.44935175e+00]
 [ -7.68381920e+00  -3.13317233e-01  -3.32143826e+00]
 [  2.46984501e+00  -6.54621196e-01  -1.00422283e+01]
 [ -8.89271744e+00   2.38933251e-01   3.50188503e+00]
 [ -9.08905323e+00   1.46762929e+00   1.38109502e+00]
 [  1.07461099e+00  -2.63674674e-01  -4.11969499e+00]
 [ -4.71437701e+00  -4.27599963e+00   2.82052205e+00]
 [ -5.50071280e+00  -2.97730359e+00  -7.90267955e-01]
 [ -2.34704858e+00  -7.48607555e-01  -5.44105796e+00]
 [ -6.54961104e+00  -1.08505311e+00   4.06305534e+00]
 [ -7.21594682e+00  -7.66357070e-01  -2.77734673e-01]
 [ -7.42282606e-01  -2.33766103e+00  -6.97852468e+00]
 [ -3.76484506e+00   6.75893414e-01   6.92558862e+00]
 [ -4.68118085e+00   1.42458945e+00   4.63479861e+00]
 [  2.92483369e-01  -1.46714511e-01  -1.86599140e+00]
 [ -9.96504634e-01  -1.99903947e+00   5.07422564e+00]
 [ -3.23284042e+00   9.96565711e-02   5.57343563e+00]
 [ -6.76917620e+00   8.48352608e-01   1.96264562e+00]
 [  2.10826134e+00   1.91190706e+00   5.29675892e+00]
 [ -1.44807444e+00   1.33060309e+00   5.32596891e+00]
 [ -7.73441023e+00  -2.34070087e+00   1.79517890e+00]
 [  6.17302732e+00   3.72285358e+00   8.36929220e+00]
 [  2.72669153e+00   2.69154961e+00   8.60850219e+00]
 [ -5.34964425e+00  -8.09754348e-01   4.24771218e+00]]