Differences in C_i and C_i expected
average differences - x: -2.12339295404 	y: -0.795164740919 	z: 2.24683609456
[[-10.88053448   7.50698274   3.07187816]
 [ -7.96083074   0.79880723   2.92801999]
 [ -5.051127    -5.90936828   2.78416183]
 [ -8.42281052   7.38896838   9.84561135]
 [ -5.51310677   0.69079287   9.70175318]
 [ -2.60340303  -6.01738264   9.55789502]
 [ -5.97508655   7.28095403  16.62934454]
 [ -3.06538281   0.57277851  16.48548638]
 [ -0.15567906  -6.135397    16.34162821]
 [-10.80747435   5.0793338    0.22221999]
 [ -7.89777061  -1.62884172   0.08836183]
 [ -4.98806686  -8.33701723  -0.05549634]
 [ -8.35975038   4.97131944   7.00595318]
 [ -5.45004664  -1.73685607   6.86209502]
 [ -2.5403429   -8.44503158   6.71823685]
 [ -5.91202641   4.85330508  13.77968638]
 [ -3.00232267  -1.85487043  13.64582821]
 [ -0.09261893  -8.56304594  13.50197004]
 [-10.74441421   2.65168485  -2.61743818]
 [ -7.83471047  -4.05649066  -2.75129634]
 [ -4.92500673 -10.75466617  -2.89515451]
 [ -8.29669025   2.54367049   4.16629502]
 [ -5.38698651  -4.16450502   4.02243685]
 [ -2.46728276 -10.87268053   3.87857868]
 [ -5.83896628   2.42565614  10.94002821]
 [ -2.92926254  -4.28251937  10.80617004]
 [ -0.0195588  -10.99069488  10.66231188]
 [ -0.52901732  -2.49371659   2.90841899]
 [  0.08842236  -0.22939167   2.93765875]
 [  0.70586205   2.04493325   2.95689851]
 [ -2.25610284  -2.47452862   0.63254695]
 [ -1.62866315  -0.2002037    0.65178671]
 [ -1.01122346   2.06412122   0.68102647]
 [ -3.97318835  -2.44534065  -1.65332508]
 [ -3.35574866  -0.18101573  -1.62408532]
 [ -2.73830898   2.09330919  -1.60484557]
 [ -0.52056531  -0.75644045   2.31078219]
 [  0.09687438   1.50788447   2.34002195]
 [  0.71431407   3.78220939   2.35926171]
 [ -2.24765082  -0.72725248   0.03491015]
 [ -1.62021113   1.53707244   0.05414991]
 [ -1.00277145   3.81139736   0.08338967]
 [ -3.96473633  -0.70806451  -2.25096188]
 [ -3.34729665   1.56626041  -2.22172212]
 [ -2.72985696   3.83058532  -2.20248237]
 [ -0.51211329   0.98083569   1.71314539]
 [  0.10532639   3.25516061   1.74238515]
 [  0.73276608   5.51948552   1.76162491]
 [ -2.23919881   1.01002366  -0.56272665]
 [ -1.61175912   3.27434858  -0.54348689]
 [ -0.99431943   5.54867349  -0.51424713]
 [ -3.95628432   1.03921163  -2.84859868]
 [ -3.33884463   3.30353654  -2.81935893]
 [ -2.72140495   5.57786146  -2.80011917]
 [ -5.55695589  -0.34647256   3.30506363]
 [ -5.28824751   4.24001361   3.30469442]
 [ -5.00953912   8.82649979   3.30432522]
 [ -4.49555081  -0.36788357  -1.31462902]
 [ -4.21684243   4.21860261  -1.31499823]
 [ -3.94813404   8.80508878  -1.31536743]
 [ -3.43414574  -0.38929457  -5.93432167]
 [ -3.15543735   4.1971916   -5.93469088]
 [ -2.88672897   8.78367778  -5.93506008]
 [ -5.59059187  -1.54043462   3.13318806]
 [ -5.31188348   3.04605155   3.13281885]
 [ -5.0431751    7.63253773   3.13244965]
 [ -4.52918679  -1.56184563  -1.48650459]
 [ -4.25047841   3.02464055  -1.4868738 ]
 [ -3.98177002   7.61112672  -1.497243  ]
 [ -3.45778171  -1.58325663  -6.10619724]
 [ -3.18907333   3.00322954  -6.11656644]
 [ -2.92036494   7.58971572  -6.11693565]
 [ -5.61422785  -2.73439668   2.96131249]
 [ -5.34551946   1.85208949   2.95094328]
 [ -5.07681108   6.43857567   2.95057408]
 [ -4.55282277  -2.74580769  -1.66838016]
 [ -4.28411438   1.84067849  -1.66874936]
 [ -4.005406     6.41716466  -1.66911857]
 [ -3.49141769  -2.76721869  -6.28807281]
 [ -3.22270931   1.81926748  -6.28844201]
 [ -2.94400092   6.40575366  -6.28881122]
 [ -7.50192684   9.9088216   -3.25847188]
 [ -5.49909504   7.46042986  -3.26820842]
 [ -3.49626325   5.01203813  -3.28794495]
 [ -3.55852506   9.9266453   -0.83194444]
 [ -1.56569327   7.47825357  -0.84168098]
 [  0.43713853   5.02986183  -0.86141752]
 [  0.37487671   9.954469     1.59458299]
 [  2.36770851   7.49607727   1.58484645]
 [  4.3705403    5.04768554   1.57510992]
 [ -7.49506133   5.99183472  -5.24299624]
 [ -5.49222954   3.54344298  -5.25273277]
 [ -3.48939774   1.09505125  -5.27246931]
 [ -3.56165956   6.00965842  -2.8164688 ]
 [ -1.55882776   3.56126669  -2.82620534]
 [  0.44400403   1.11287495  -2.83594188]
 [  0.37174222   6.02748213  -0.38994137]
 [  2.37457401   3.57909039  -0.3996779 ]
 [  4.3774058    1.13069866  -0.40941444]
 [ -7.48819583   2.07484784  -7.2275206 ]
 [ -5.49536403  -0.37354389  -7.23725713]
 [ -3.49253224  -2.82193563  -7.25699367]
 [ -3.55479405   2.09267155  -4.80099316]
 [ -1.56196226  -0.35572019  -4.8107297 ]
 [  0.44086954  -2.80411192  -4.82046624]
 [  0.37860772   2.11049525  -2.37446572]
 [  2.37143952  -0.33789648  -2.38420226]
 [  4.37427131  -2.78628822  -2.3939388 ]
 [ -1.91658239  -4.18992704   5.66599479]
 [ -2.661576    -2.59817877   5.61560713]
 [ -3.40656962  -1.00643049   5.56521946]
 [  1.01220019  -4.17414445   4.14065292]
 [  0.27720657  -2.57239618   4.09026526]
 [ -0.46778704  -0.9806479    4.0398776 ]
 [  3.95098277  -4.14836187   2.61531105]
 [  3.20598915  -2.55661359   2.56492339]
 [  2.46099553  -0.95486532   2.51453573]
 [ -1.88750655  -7.0697219    6.44104317]
 [ -2.63250017  -5.47797363   6.39065551]
 [ -3.37749379  -3.87622535   6.34026784]
 [  1.04127602  -7.05393932   4.9157013 ]
 [  0.3062824   -5.45219104   4.86531364]
 [ -0.43871121  -3.86044277   4.81492598]
 [  3.9800586   -7.02815673   3.38035943]
 [  3.23506498  -5.43640846   3.32997177]
 [  2.50007136  -3.83466018   3.27958411]
 [ -1.85843072  -9.94951677   7.21609155]
 [ -2.60342434  -8.34776849   7.16570389]
 [ -3.33841796  -6.75602022   7.11531623]
 [  1.08035185  -9.92373418   5.68074968]
 [  0.33535823  -8.33198591   5.63036202]
 [ -0.40963538  -6.73023763   5.57997436]
 [  4.00913443  -9.9079516    4.15540781]
 [  3.26414081  -8.30620332   4.10502015]
 [  2.52914719  -6.71445505   4.05463249]
 [  6.69382345  -9.32277543   1.3256777 ]
 [  3.93985023  -6.24367727   1.2823668 ]
 [  1.18587701  -3.17457911   1.2290559 ]
 [  3.01169452  -9.36363676  -1.64152963]
 [  0.2577213   -6.2945386   -1.69484053]
 [ -2.49625193  -3.22544044  -1.73815143]
 [ -0.67043441  -9.4144981   -4.60873696]
 [ -3.42440763  -6.34539994  -4.66204786]
 [ -6.18838086  -3.27630178  -4.70535875]
 [  6.79072901  -5.59720518   4.00718227]
 [  4.03675578  -2.52810702   3.95387138]
 [  1.28278256   0.54099113   3.91056048]
 [  3.10860007  -5.64806652   1.02997495]
 [  0.35462685  -2.57896836   0.98666405]
 [ -2.40934637   0.4901298    0.93335315]
 [ -0.58352886  -5.69892785  -1.93723238]
 [ -3.33750208  -2.62982969  -1.99054328]
 [ -6.0914753    0.43926846  -2.03385418]
 [  6.88763456  -1.88163494   6.67868685]
 [  4.13366134   1.18746322   6.63537595]
 [  1.36968811   4.25656138   6.58206506]
 [  3.19550563  -1.93249627   3.71147952]
 [  0.4415324    1.13660188   3.65816863]
 [ -2.31244082   4.20570004   3.61485773]
 [ -0.48662331  -1.98335761   0.7342722 ]
 [ -3.24059653   1.08574055   0.6909613 ]
 [ -5.99456975   4.15483871   0.6376504 ]
 [  4.34124508  -7.06961007   3.11098719]
 [  4.57639877  -4.9705041    3.0805772 ]
 [  4.80155246  -2.88139814   3.05016721]
 [  2.36112819  -7.08104369   1.05576462]
 [  2.59628188  -4.99193773   1.02535463]
 [  2.83143558  -2.90283176   0.99494464]
 [  0.3910113   -7.10247732  -0.99945796]
 [  0.626165    -5.01337135  -1.02986795]
 [  0.85131869  -2.91426539  -1.06027793]
 [  4.35200965  -5.13986316   2.87180613]
 [  4.57716334  -3.0507572    2.83139614]
 [  4.81231704  -0.95165123   2.80098615]
 [  2.37189276  -5.16129679   0.81658355]
 [  2.60704646  -3.06219082   0.77617357]
 [  2.84220015  -0.97308486   0.74576358]
 [  0.40177588  -5.17273041  -1.23863902]
 [  0.62692957  -3.08362445  -1.27904901]
 [  0.86208326  -0.98451848  -1.309459  ]
 [  4.35277422  -3.21011626   2.62262507]
 [  4.58792791  -1.12101029   2.58221508]
 [  4.82308161   0.97809567   2.55180509]
 [  2.38265733  -3.23154988   0.56740249]
 [  2.61781103  -1.13244392   0.5269925 ]
 [  2.84296472   0.95666205   0.49658252]
 [  0.40254045  -3.24298351  -1.48782008]
 [  0.63769414  -1.15387754  -1.51823007]
 [  0.87284783   0.94522842  -1.55864006]
 [-14.86419796   0.26332606  14.10889318]
 [ -8.0763158   -0.97344237  14.11365581]
 [ -1.28843363  -2.2002108   14.11841843]
 [-14.17469761   0.28454532  15.50504935]
 [ -7.37681545  -0.95222311  15.50981197]
 [ -0.58893328  -2.18899154  15.5145746 ]
 [-13.47519726   0.29576458  16.89120552]
 [ -6.6873151   -0.93100385  16.89596814]
 [  0.10056707  -2.16777228  16.90073076]
 [-14.84551051  -0.43076436   7.35319366]
 [ -8.05762834  -1.66753279   7.35795628]
 [ -1.25974618  -2.90430122   7.3627189 ]
 [-14.15601015  -0.4195451    8.73934983]
 [ -7.35812799  -1.64631353   8.74411245]
 [ -0.57024583  -2.88308196   8.74887507]
 [-13.4565098   -0.39832584  10.13550599]
 [ -6.66862764  -1.63509427  10.14026862]
 [  0.12925452  -2.8718627   10.14503124]
 [-14.82682305  -1.13485477   0.58749413]
 [ -8.03894088  -2.3716232    0.59225676]
 [ -1.24105872  -3.59839163   0.59701938]
 [-14.1273227   -1.11363551   1.9836503 ]
 [ -7.33944053  -2.35040395   1.98841292]
 [ -0.55155837  -3.58717238   1.99317555]
 [-13.43782235  -1.10241626   3.37980647]
 [ -6.64994018  -2.32918469   3.38456909]
 [  0.14794198  -3.56595312   3.38933171]]