27, 8, pa1-debug-d-output.txt
217.567729493,	238.869175654,	210.344775034
364.863804914,	416.015678114,	184.602153623
198.379465517,	218.23698274,	213.331878159
198.999169259,	211.868807228,	338.168019993
199.618873001,	205.500631717,	463.004161826
197.217189484,	343.068968383,	219.705611351
197.836893226,	336.700792872,	344.541753185
198.456596968,	330.33261736,	469.377895019
196.054913451,	467.900954026,	226.079344543
196.674617194,	461.532778515,	350.915486377
197.294320936,	455.164603004,	475.751628211
323.372525651,	219.429333795,	212.772219992
323.992229393,	213.061158284,	337.608361826
324.611933135,	206.692982773,	462.444503659
322.210249618,	344.261319439,	219.145953184
322.82995336,	337.893143927,	343.982095018
323.449657103,	331.524968416,	468.818236852
321.047973585,	469.093305082,	225.519686376
321.667677328,	462.725129571,	350.35582821
322.28738107,	456.35695406,	475.191970044
448.365585785,	220.621684851,	212.212561825
448.985289527,	214.25350934,	337.048703659
449.60499327,	207.885333829,	461.884845492
447.203309752,	345.453670494,	218.586295017
447.823013495,	339.085494983,	343.422436851
448.442717237,	332.717319472,	468.258578685
446.04103372,	470.285656138,	224.960028209
446.660737462,	463.917480627,	349.796170043
447.280441204,	457.549305115,	474.632311877
210.520982676,	207.646283413,	451.808418989
210.088422364,	207.700608331,	576.807658748
209.655862051,	207.754933248,	701.806898507
210.073897163,	332.645471382,	451.752546952
209.64133685,	332.699796299,	576.751786712
209.208776538,	332.754121217,	701.751026471
209.62681165,	457.644659351,	451.696674916
209.194251337,	457.698984268,	576.695914676
208.761691025,	457.753309186,	701.695154435
335.519434691,	208.093559551,	452.240782188
335.086874378,	208.147884469,	577.240021947
334.654314066,	208.202209386,	702.239261707
335.072349178,	333.09274752,	452.184910152
334.639788865,	333.147072438,	577.184149911
334.207228553,	333.201397355,	702.18338967
334.625263665,	458.091935489,	452.129038116
334.192703352,	458.146260406,	577.128277875
333.76014304,	458.200585324,	702.127517634
460.517886706,	208.540835689,	452.673145388
460.085326393,	208.595160607,	577.672385147
459.652766081,	208.649485524,	702.671624906
460.070801193,	333.540023658,	452.617273352
459.63824088,	333.594348576,	577.616513111
459.205680568,	333.648673493,	702.61575287
459.62371568,	458.539211627,	452.561401316
459.191155367,	458.593536544,	577.560641075
458.758595055,	458.647861462,	702.559880834
203.18304411,	447.83352744,	212.64506363
206.791752495,	449.970013614,	337.574694425
210.400460879,	452.106499788,	462.50432522
206.404449188,	572.772116434,	210.41537098
210.013157572,	574.908602609,	335.345001775
213.621865957,	577.045088783,	460.27463257
209.625854265,	697.710705429,	208.18567833
213.234562649,	699.847191604,	333.115309125
216.843271034,	701.983677778,	458.04493992
328.089408132,	444.54956538,	209.09318806
331.698116517,	446.686051554,	334.022818855
335.306824901,	448.822537728,	458.95244965
331.310813209,	569.488154374,	206.86349541
334.919521594,	571.624640549,	331.793126205
338.528229978,	573.761126723,	456.722757
334.532218287,	694.426743369,	204.63380276
338.140926671,	696.563229544,	329.563433555
341.749635056,	698.699715718,	454.49306435
452.995772154,	441.26560332,	205.54131249
456.604480538,	443.402089494,	330.470943285
460.213188923,	445.538575668,	455.40057408
456.217177231,	566.204192314,	203.31161984
459.825885616,	568.340678489,	328.241250635
463.434594,	570.477164663,	453.17088143
459.438582308,	691.142781309,	201.08192719
463.047290693,	693.279267484,	326.011557985
466.655999077,	695.415753658,	450.94118878
203.538073163,	460.958821596,	445.881528123
205.490904958,	459.900429862,	570.861791584
207.443736752,	458.842038127,	695.842055046
204.941474937,	585.946645301,	446.918055558
206.894306731,	584.888253566,	571.898319019
208.847138526,	583.829861832,	696.878582481
206.344876711,	710.934469005,	447.954582993
208.297708505,	709.87607727,	572.934846454
210.250540299,	708.817685536,	697.915109916
328.514938668,	459.571834719,	443.917003764
330.467770463,	458.513442984,	568.897267225
332.420602257,	457.45505125,	693.877530687
329.918340442,	584.559658423,	444.953531199
331.871172236,	583.501266689,	569.93379466
333.824004031,	582.442874954,	694.914058122
331.321742216,	709.547482127,	445.990058634
333.27457401,	708.489090393,	570.970322095
335.227405804,	707.430698658,	695.950585557
453.491804173,	458.184847841,	441.952479405
455.444635968,	457.126456107,	566.932742866
457.397467762,	456.068064372,	691.913006328
454.895205947,	583.172671546,	442.98900684
456.848037741,	582.114279811,	567.969270301
458.800869536,	581.055888076,	692.949533763
456.298607721,	708.16049525,	444.025534275
458.251439515,	707.102103515,	569.005797737
460.204271309,	706.043711781,	693.986061198
449.523417615,	206.20007296,	215.89599479
445.688423998,	209.421821235,	340.795607127
441.853430382,	212.64356951,	465.695219465
448.80220019,	331.155855545,	212.650652922
444.967206574,	334.37760382,	337.550265259
441.132212957,	337.599352095,	462.449877597
448.080982765,	456.111638131,	209.405311054
444.245989149,	459.333386406,	334.304923391
440.410995533,	462.555134681,	459.204535729
574.462493445,	207.020278096,	219.71104317
570.627499829,	210.242026371,	344.610655508
566.792506213,	213.463774646,	469.510267845
573.74127602,	331.976060682,	216.465701302
569.906282404,	335.197808957,	341.36531364
566.071288788,	338.419557232,	466.264925977
573.020058596,	456.931843268,	213.220359434
569.185064979,	460.153591543,	338.119971771
565.350071363,	463.375339818,	463.019584109
699.401569276,	207.840483233,	223.526091551
695.566575659,	211.062231508,	348.425703888
691.731582043,	214.283979783,	473.325316225
698.680351851,	332.796265819,	220.280749682
694.845358235,	336.018014094,	345.18036202
691.010364618,	339.239762369,	470.079974357
697.959134426,	457.752048404,	217.035407814
694.12414081,	460.97379668,	341.935020152
690.289147194,	464.195544955,	466.834632489
455.073823452,	199.857224572,	450.945677697
455.899850229,	205.346322731,	575.822366799
456.725877006,	210.83542089,	700.699055902
454.77169452,	324.736363238,	445.458470369
455.597721297,	330.225461397,	570.335159471
456.423748074,	335.714559555,	695.211848574
454.469565589,	449.615501903,	439.971263041
455.295592366,	455.104600062,	564.847952144
456.121619143,	460.593698221,	689.724641246
580.070729005,	200.122794816,	450.107182275
580.896755782,	205.611892975,	574.983871377
581.722782559,	211.100991134,	699.860560479
579.768600074,	325.001933482,	444.619974947
580.594626851,	330.491031641,	569.496664049
581.420653628,	335.980129799,	694.373353151
579.466471142,	449.881072147,	439.132767619
580.292497919,	455.370170306,	564.009456721
581.118524696,	460.859268465,	688.886145824
705.067634559,	200.38836506,	449.268686852
705.893661336,	205.877463219,	574.145375955
706.719688113,	211.366561378,	699.022065057
704.765505627,	325.267503726,	443.781479524
705.591532404,	330.756601885,	568.658168627
706.417559181,	336.245700043,	693.534857729
704.463376695,	450.146642391,	438.294272197
705.289403472,	455.63574055,	563.170961299
706.115430249,	461.124838709,	688.047650401
454.291245077,	441.300389931,	213.170987189
456.986398771,	444.099495897,	338.110577201
459.681552465,	446.898601862,	463.050167213
454.08112819,	566.268956306,	210.375764616
456.776281884,	569.068062271,	335.315354628
459.471435578,	571.867168237,	460.25494464
453.871011304,	691.23752268,	207.580542042
456.566164998,	694.036628646,	332.520132054
459.261318692,	696.835734611,	457.459722066
579.262009648,	441.450136837,	210.471806127
581.957163342,	444.249242802,	335.411396139
584.652317036,	447.048348768,	460.350986151
579.051892761,	566.418703211,	207.676583554
581.747046455,	569.217809177,	332.616173566
584.442200149,	572.016915142,	457.555763578
578.841775875,	691.387269585,	204.88136098
581.536929569,	694.186375551,	329.820950992
584.232083263,	696.985481516,	454.760541004
704.232774219,	441.599883742,	207.772625066
706.927927913,	444.398989708,	332.712215078
709.623081607,	447.198095673,	457.651805089
704.022657332,	566.568450117,	204.977402492
706.717811026,	569.367556082,	329.916992504
709.41296472,	572.166662047,	454.856582516
703.812540446,	691.537016491,	202.182179919
706.50769414,	694.336122456,	327.12176993
709.202847834,	697.135228422,	452.061359942
434.795802039,	450.833326064,	463.978893183
438.113684203,	450.286557634,	588.933655806
441.431566367,	449.739789203,	713.888418429
432.185302389,	575.804545323,	464.59504935
435.503184553,	575.257776893,	589.549811973
438.821066717,	574.711008463,	714.504574596
429.574802739,	700.775764582,	465.211205517
432.892684903,	700.228996152,	590.16596814
436.210567067,	699.682227722,	715.120730763
559.724489495,	453.459235645,	460.673193658
563.042371659,	452.912467215,	585.627956281
566.360253823,	452.365698785,	710.582718905
557.113989845,	578.430454904,	461.289349825
560.431872009,	577.883686474,	586.244112448
563.749754173,	577.336918044,	711.198875072
554.503490195,	703.401674163,	461.905505992
557.821372359,	702.854905733,	586.860268615
561.139254523,	702.308137303,	711.815031239
684.653176951,	456.085145226,	457.367494133
687.971059115,	455.538376796,	582.322256757
691.288941279,	454.991608366,	707.27701938
682.042677301,	581.056364485,	457.9836503
685.360559465,	580.509596055,	582.938412924
688.678441629,	579.962827625,	707.893175547
679.432177651,	706.027583744,	458.599806467
682.750059815,	705.480815314,	583.554569091
686.067941979,	704.934046884,	708.509331714
