27, 8, pa1-unknown-i-output.txt
199.063933445,	244.186174317,	217.424746849
410.861053882,	407.729270507,	183.898638019
201.05086312,	210.438425915,	220.431844027
205.732283322,	213.958450613,	345.294543545
210.413703523,	217.478475311,	470.157243064
201.762982575,	335.38600155,	216.882727403
206.444402776,	338.906026248,	341.745426921
211.125822978,	342.426050946,	466.608126439
202.475102029,	460.333577185,	213.333610778
207.156522231,	463.853601883,	338.196310297
211.837942432,	467.373626581,	463.059009815
325.961139682,	209.594169405,	215.772440614
330.642559883,	213.114194103,	340.635140132
335.323980085,	216.634218801,	465.49783965
326.673259136,	334.54174504,	212.223323989
331.354679338,	338.061769738,	337.086023508
336.03609954,	341.581794436,	461.948723026
327.385378591,	459.489320675,	208.674207365
332.066798793,	463.009345373,	333.536906884
336.748218994,	466.529370071,	458.399606402
450.871416244,	208.749912895,	211.1130372
455.552836445,	212.269937593,	335.975736719
460.234256647,	215.789962291,	460.838436237
451.583535698,	333.69748853,	207.563920576
456.2649559,	337.217513228,	332.426620095
460.946376102,	340.737537926,	457.289319613
452.295655153,	458.645064165,	204.014803952
456.977075355,	462.165088863,	328.87750347
461.658495556,	465.685113561,	453.740202989
207.15634247,	206.643044777,	455.177339954
206.0723616,	209.48469052,	580.140334616
204.988380731,	212.326336264,	705.103329278
208.298939785,	331.605742371,	452.345612329
207.214958916,	334.447388115,	577.308606991
206.130978046,	337.289033858,	702.271601653
209.441537101,	456.568439965,	449.513884704
208.357556231,	459.410085709,	574.476879366
207.273575362,	462.251731453,	699.439874028
332.146419903,	205.525342027,	456.286972197
331.062439034,	208.366987771,	581.249966859
329.978458164,	211.208633515,	706.212961521
333.289017219,	330.488039622,	453.455244572
332.205036349,	333.329685365,	578.418239234
331.12105548,	336.171331109,	703.381233896
334.431614534,	455.450737216,	450.623516947
333.347633665,	458.29238296,	575.586511609
332.263652795,	461.134028703,	700.549506271
457.136497337,	204.407639278,	457.39660444
456.052516467,	207.249285022,	582.359599102
454.968535598,	210.090930766,	707.322593764
458.279094652,	329.370336872,	454.564876815
457.195113783,	332.211982616,	579.527871477
456.111132914,	335.05362836,	704.490866139
459.421691968,	454.333034467,	451.73314919
458.337711098,	457.17468021,	576.696143852
457.253730229,	460.016325954,	701.659138514
215.892885455,	443.214448875,	217.62257186
211.511396349,	443.215645326,	342.545758466
207.129907243,	443.216841777,	467.468945072
218.256595219,	568.192071673,	217.704278381
213.875106113,	568.193268124,	342.627464987
209.493617007,	568.194464574,	467.550651593
220.620304984,	693.169694471,	217.785984903
216.238815878,	693.170890922,	342.709171509
211.857326772,	693.172087372,	467.632358115
340.793707828,	440.849327658,	222.003299227
336.412218721,	440.850524108,	346.926485833
332.030729615,	440.851720559,	471.849672439
343.157417592,	565.826950455,	222.085005748
338.775928486,	565.828146906,	347.008192354
334.39443938,	565.829343357,	471.93137896
345.521127356,	690.804573253,	222.16671227
341.13963825,	690.805769704,	347.089898875
336.758149144,	690.806966155,	472.013085481
465.6945302,	438.48420644,	226.384026594
461.313041094,	438.485402891,	351.307213199
456.931551988,	438.486599341,	476.230399805
468.058239965,	563.461829238,	226.465733115
463.676750859,	563.463025688,	351.388919721
459.295261752,	563.464222139,	476.312106327
470.421949729,	688.439452036,	226.547439636
466.040460623,	688.440648486,	351.470626242
461.658971517,	688.441844937,	476.393812848
206.752430158,	441.889170827,	456.58602454
204.628761464,	437.165562089,	581.478688663
202.50509277,	432.441953351,	706.371352786
207.296657501,	566.798329503,	461.319511139
205.172988807,	562.074720765,	586.212175262
203.049320113,	557.351112027,	711.104839385
207.840884844,	691.70748818,	466.052997738
205.71721615,	686.983879442,	590.945661861
203.593547456,	682.260270703,	715.838325984
331.733204071,	441.264991947,	458.687584163
329.609535377,	436.541383208,	583.580248286
327.485866683,	431.81777447,	708.472912409
332.277431414,	566.174150623,	463.421070762
330.15376272,	561.450541885,	588.313734885
328.030094026,	556.726933146,	713.206399008
332.821658757,	691.083309299,	468.154557361
330.697990063,	686.359700561,	593.047221484
328.574321369,	681.636091823,	717.939885607
456.713977984,	440.640813066,	460.789143786
454.59030929,	435.917204328,	585.681807909
452.466640595,	431.19359559,	710.574472032
457.258205327,	565.549971742,	465.522630385
455.134536633,	560.826363004,	590.415294508
453.010867939,	556.102754266,	715.307958631
457.80243267,	690.459130418,	470.256116984
455.678763976,	685.73552168,	595.148781107
453.555095282,	681.011912942,	720.04144523
446.326852977,	214.260784041,	209.818297587
450.53852366,	210.778086952,	334.698771044
454.750194343,	207.295389862,	459.579244502
448.376360112,	339.197313298,	213.233437087
452.588030795,	335.714616208,	338.113910544
456.799701478,	332.231919119,	462.994384002
450.425867247,	464.133842555,	216.648576587
454.63753793,	460.651145465,	341.529050045
458.849208613,	457.168448376,	466.409523502
571.239067554,	212.328304214,	205.551662946
575.450738237,	208.845607124,	330.432136404
579.66240892,	205.362910034,	455.312609861
573.288574689,	337.26483347,	208.966802446
577.500245372,	333.782136381,	333.847275904
581.711916055,	330.299439291,	458.727749362
575.338081824,	462.201362727,	212.381941946
579.549752507,	458.718665637,	337.262415404
583.76142319,	455.235968548,	462.142888862
696.151282131,	210.395824386,	201.285028305
700.362952814,	206.913127296,	326.165501763
704.574623497,	203.430430207,	451.045975221
698.200789266,	335.332353642,	204.700167806
702.412459949,	331.849656553,	329.580641263
706.624130632,	328.366959463,	454.461114721
700.250296401,	460.268882899,	208.115307306
704.461967084,	456.78618581,	332.995780763
708.673637767,	453.30348872,	457.876254221
454.51758268,	192.894652347,	460.363076054
459.890027091,	197.086057335,	585.177213736
465.262471502,	201.277462323,	709.991351417
453.584153048,	317.822088972,	456.208044486
458.95659746,	322.01349396,	581.022182168
464.329041871,	326.204898948,	705.836319849
452.650723417,	442.749525598,	452.053012918
458.023167828,	446.940930586,	576.8671506
463.395612239,	451.132335574,	701.681288281
579.398588242,	193.648112654,	454.962451331
584.771032653,	197.839517642,	579.776589013
590.143477064,	202.03092263,	704.590726695
578.46515861,	318.57554928,	450.807419763
583.837603022,	322.766954268,	575.621557445
589.210047433,	326.958359256,	700.435695127
577.531728979,	443.502985905,	446.652388195
582.90417339,	447.694390893,	571.466525877
588.276617801,	451.885795881,	696.280663559
704.279593804,	194.401572962,	449.561826609
709.652038215,	198.59297795,	574.37596429
715.024482626,	202.784382938,	699.190101972
703.346164172,	319.329009587,	445.406795041
708.718608584,	323.520414575,	570.220932722
714.091052995,	327.711819563,	695.035070404
702.412734541,	444.256446213,	441.251763473
707.785178952,	448.447851201,	566.065901154
713.157623363,	452.639256189,	690.880038836
455.48958443,	440.910371607,	218.67138991
449.020889868,	444.735478899,	343.445283593
442.552195305,	448.560586192,	468.219177277
457.567354649,	565.837666087,	214.94929845
451.098660086,	569.662773379,	339.723192133
444.629965523,	573.487880671,	464.497085816
459.645124867,	690.764960567,	211.227206989
453.176430304,	694.590067859,	336.001100672
446.707735741,	698.415175151,	460.774994355
580.304803301,	439.028976347,	225.199903547
573.836108738,	442.854083639,	349.97379723
567.367414175,	446.679190931,	474.747690913
582.382573519,	563.956270827,	221.477812086
575.913878956,	567.781378119,	346.251705769
569.445184393,	571.606485411,	471.025599452
584.460343737,	688.883565307,	217.755720625
577.991649174,	692.708672599,	342.529614309
571.522954611,	696.533779891,	467.303507992
705.120022171,	437.147581087,	231.728417183
698.651327608,	440.972688379,	356.502310867
692.182633045,	444.797795671,	481.27620455
707.197792389,	562.074875567,	228.006325723
700.729097826,	565.899982859,	352.780219406
694.260403263,	569.725090151,	477.554113089
709.275562607,	687.002170047,	224.284234262
702.806868044,	690.827277339,	349.058127945
696.338173481,	694.652384631,	473.832021628
454.670800538,	438.625614541,	459.158927345
455.562111097,	439.02368052,	584.155115723
456.453421655,	439.421746499,	709.151304101
455.302044588,	563.623372388,	458.756355155
456.193355147,	564.021438366,	583.752543533
457.084665705,	564.419504345,	708.748731911
455.933288638,	688.621130234,	458.353782965
456.824599196,	689.019196213,	583.349971343
457.715909755,	689.417262191,	708.34615972
579.666028833,	437.991519205,	458.269642988
580.557339391,	438.389585184,	583.265831366
581.44864995,	438.787651163,	708.262019744
580.297272883,	562.989277052,	457.867070798
581.188583441,	563.38734303,	582.863259176
582.079894,	563.785409009,	707.859447554
580.928516932,	687.987034898,	457.464498608
581.819827491,	688.385100877,	582.460686986
582.71113805,	688.783166855,	707.456875364
704.661257127,	437.357423869,	457.380358632
705.552567686,	437.755489848,	582.376547009
706.443878245,	438.153555827,	707.372735387
705.292501177,	562.355181715,	456.977786441
706.183811736,	562.753247694,	581.973974819
707.075122295,	563.151313673,	706.970163197
705.923745227,	687.352939562,	456.575214251
706.815055786,	687.751005541,	581.571402629
707.706366344,	688.149071519,	706.567591007
