27, 8, pa1-unknown-h-output.txt
220.196540894,	254.966446239,	219.73432353
392.961103953,	465.709736411,	186.118394356
202.99713521,	208.767584969,	214.029610363
203.979563434,	205.615051625,	338.985988225
204.961991657,	202.46251828,	463.942366086
204.709021652,	333.716441903,	217.16849482
205.691449876,	330.563908559,	342.124872682
206.673878099,	327.411375215,	467.081250543
206.420908094,	458.665298838,	220.307379277
207.403336318,	455.512765493,	345.263757139
208.385764541,	452.360232149,	470.220135
327.981551357,	207.080965766,	213.004409862
328.963979581,	203.928432421,	337.960787724
329.946407804,	200.775899077,	462.917165585
329.693437799,	332.0298227,	216.143294319
330.675866023,	328.877289356,	341.099672181
331.658294246,	325.724756011,	466.056050042
331.405324241,	456.978679634,	219.282178776
332.387752465,	453.82614629,	344.238556638
333.370180688,	450.673612945,	469.194934499
452.965967504,	205.394346562,	211.979209361
453.948395728,	202.241813218,	336.935587222
454.930823951,	199.089279873,	461.891965084
454.677853946,	330.343203497,	215.118093818
455.66028217,	327.190670152,	340.074471679
456.642710393,	324.038136808,	465.030849541
456.389740388,	455.292060431,	218.256978275
457.372168612,	452.139527086,	343.213356136
458.354596835,	448.986993742,	468.169733998
207.18586338,	201.244162243,	459.761532654
210.874753561,	198.54055266,	584.67783497
214.563643742,	195.836943077,	709.594137287
205.056693724,	326.195388767,	462.528774399
208.745583904,	323.491779184,	587.445076716
212.434474085,	320.788169601,	712.361379032
202.927524067,	451.14661529,	465.296016145
206.616414248,	448.443005707,	590.212318461
210.305304428,	445.739396124,	715.128620778
332.113277209,	203.453570655,	456.120133381
335.802167389,	200.749961072,	581.036435697
339.49105757,	198.046351489,	705.952738014
329.984107552,	328.404797178,	458.887375126
333.672997733,	325.701187595,	583.803677443
337.361887913,	322.997578012,	708.719979759
327.854937895,	453.356023701,	461.654616872
331.543828076,	450.652414119,	586.570919188
335.232718257,	447.948804536,	711.487221505
457.040691037,	205.662979066,	452.478734108
460.729581218,	202.959369483,	577.395036424
464.418471398,	200.2557599,	702.311338741
454.91152138,	330.61420559,	455.245975853
458.600411561,	327.910596007,	580.16227817
462.289301742,	325.206986424,	705.078580486
452.782351723,	455.565432113,	458.013217599
456.471241904,	452.86182253,	582.929519915
460.160132085,	450.158212947,	707.845822232
202.435979046,	453.288581631,	216.926171643
205.667398928,	455.686926312,	341.861378324
208.89881881,	458.085270992,	466.796585005
204.225712871,	578.251848134,	214.48099726
207.457132753,	580.650192814,	339.41620394
210.688552635,	583.048537495,	464.351410621
206.015446696,	703.215114637,	212.035822876
209.246866579,	705.613459317,	336.971029557
212.478286461,	708.011803998,	461.906236238
327.381386238,	451.436564427,	213.730040561
330.61280612,	453.834909108,	338.665247241
333.844226002,	456.233253789,	463.600453922
329.171120063,	576.39983093,	211.284866177
332.402539945,	578.798175611,	336.220072858
335.633959827,	581.196520291,	461.155279539
330.960853888,	701.363097433,	208.839691794
334.192273771,	703.761442114,	333.774898474
337.423693653,	706.159786794,	458.710105155
452.32679343,	449.584547223,	210.533909478
455.558213312,	451.982891904,	335.469116159
458.789633194,	454.381236585,	460.40432284
454.116527255,	574.547813726,	208.088735095
457.347947137,	576.946158407,	333.023941775
460.579367019,	579.344503088,	457.959148456
455.90626108,	699.511080229,	205.643560711
459.137680963,	701.90942491,	330.578767392
462.369100845,	704.30776959,	455.513974073
208.529059125,	448.01195704,	450.86441316
205.934542279,	448.142617273,	575.837415885
203.340025433,	448.273277506,	700.810418611
208.375611147,	573.011791166,	450.730539199
205.781094301,	573.142451399,	575.703541925
203.186577455,	573.273111632,	700.67654465
208.22216317,	698.011625292,	450.596665239
205.627646324,	698.142285525,	575.569667964
203.033129478,	698.272945758,	700.54267069
333.502035948,	448.168150582,	453.458766166
330.907519102,	448.298810815,	578.431768892
328.313002256,	448.429471048,	703.404771617
333.34858797,	573.167984708,	453.324892206
330.754071124,	573.298644941,	578.297894931
328.159554278,	573.429305174,	703.270897657
333.195139993,	698.167818834,	453.191018246
330.600623147,	698.298479067,	578.164020971
328.006106301,	698.4291393,	703.137023697
458.475012771,	448.324344124,	456.053119173
455.880495925,	448.455004357,	581.026121898
453.285979079,	448.58566459,	705.999124624
458.321564793,	573.32417825,	455.919245213
455.727047948,	573.454838483,	580.892247938
453.132531102,	573.585498716,	705.865250664
458.168116816,	698.324012376,	455.785371252
455.57359997,	698.454672609,	580.758373978
452.979083124,	698.585332842,	705.731376703
449.940164305,	213.091953441,	204.567737975
452.637380901,	211.848258738,	329.532445977
455.334597496,	210.604564035,	454.49715398
449.249389726,	338.083705442,	205.826611389
451.946606321,	336.840010739,	330.791319391
454.643822916,	335.596316035,	455.756027394
448.558615146,	463.075457443,	207.085484803
451.255831742,	461.831762739,	332.050192805
453.953048337,	460.588068036,	457.014900808
574.909151871,	213.809696624,	201.877572254
577.606368466,	212.566001921,	326.842280257
580.303585061,	211.322307218,	451.806988259
574.218377291,	338.801448625,	203.136445668
576.915593886,	337.557753922,	328.101153671
579.612810482,	336.314059219,	453.065861673
573.527602712,	463.793200626,	204.395319082
576.224819307,	462.549505923,	329.360027085
578.922035902,	461.305811219,	454.324735087
699.878139436,	214.527439808,	199.187406534
702.575356031,	213.283745104,	324.152114536
705.272572627,	212.040050401,	449.116822538
699.187364857,	339.519191808,	200.446279948
701.884581452,	338.275497105,	325.41098795
704.581798047,	337.031802402,	450.375695952
698.496590277,	464.510943809,	201.705153362
701.193806872,	463.267249106,	326.669861364
703.891023468,	462.023554402,	451.634569366
451.535596786,	207.712239348,	450.863534301
456.377719318,	208.215169065,	575.768701973
461.21984185,	208.718098782,	700.673869644
450.78981892,	332.709114395,	450.389146441
455.631941452,	333.212044112,	575.294314113
460.474063984,	333.714973829,	700.199481785
450.044041053,	457.705989442,	449.914758582
454.886163585,	458.208919159,	574.819926253
459.728286117,	458.711848876,	699.725093925
576.439550546,	208.439075071,	446.018532229
581.281673078,	208.942004788,	570.923699901
586.12379561,	209.444934504,	695.828867572
575.693772679,	333.435950118,	445.544144369
580.535895211,	333.938879835,	570.449312041
585.378017743,	334.441809551,	695.354479713
574.947994812,	458.432825165,	445.06975651
579.790117345,	458.935754882,	569.974924181
584.632239877,	459.438684598,	694.880091853
701.343504305,	209.165910793,	441.173530157
706.185626837,	209.66884051,	566.078697829
711.027749369,	210.171770227,	690.983865501
700.597726439,	334.162785841,	440.699142298
705.439848971,	334.665715557,	565.604309969
710.281971503,	335.168645274,	690.509477641
699.851948572,	459.159660888,	440.224754438
704.694071104,	459.662590604,	565.12992211
709.536193636,	460.165520321,	690.035089781
449.471383149,	454.907543482,	206.660544009
447.286647722,	452.426775312,	331.616827246
445.101912295,	449.946007142,	456.573110483
451.392641885,	579.867482648,	209.174976044
449.207906458,	577.386714478,	334.131259281
447.023171031,	574.905946308,	459.087542518
453.31390062,	704.827421814,	211.68940808
451.129165193,	702.346653644,	336.645691317
448.944429766,	699.865885474,	461.601974554
574.437521347,	452.943009726,	208.806449677
572.25278592,	450.462241556,	333.762732914
570.068050493,	447.981473386,	458.719016151
576.358780082,	577.902948892,	211.320881713
574.174044655,	575.422180722,	336.27716495
571.989309228,	572.941412552,	461.233448187
578.280038818,	702.862888059,	213.835313748
576.095303391,	700.382119889,	338.791596985
573.910567964,	697.901351719,	463.747880222
699.403659544,	450.978475971,	210.952355345
697.218924117,	448.497707801,	335.908638582
695.03418869,	446.016939631,	460.864921819
701.32491828,	575.938415137,	213.466787381
699.140182853,	573.457646967,	338.423070618
696.955447426,	570.976878797,	463.379353855
703.246177015,	700.898354303,	215.981219417
701.061441588,	698.417586133,	340.937502654
698.876706161,	695.936817963,	465.893785891
450.857393896,	461.40148942,	439.213889478
448.010193751,	459.366927341,	564.164895911
445.162993607,	457.332365262,	689.115902343
450.353358029,	586.384092313,	441.237480809
447.506157884,	584.349530234,	566.188487241
444.65895774,	582.314968155,	691.139493674
449.849322162,	711.366695206,	443.26107214
447.002122018,	709.332133127,	568.212078572
444.154921873,	707.297571048,	693.163085005
575.823947018,	461.859235174,	442.068897297
572.976746873,	459.824673095,	567.019903729
570.129546729,	457.790111016,	691.970910162
575.319911151,	586.841838067,	444.092488627
572.472711006,	584.807275989,	569.04349506
569.625510862,	582.77271391,	693.994501492
574.815875284,	711.824440961,	446.116079958
571.96867514,	709.789878882,	571.06708639
569.121474995,	707.755316803,	696.018092823
700.79050014,	462.316980929,	444.923905115
697.943299995,	460.28241885,	569.874911547
695.096099851,	458.247856771,	694.82591798
700.286464273,	587.299583822,	446.947496446
697.439264128,	585.265021743,	571.898502878
694.592063984,	583.230459664,	696.84950931
699.782428406,	712.282186715,	448.971087776
696.935228262,	710.247624636,	573.922094209
694.088028117,	708.213062557,	698.873100641
