Differences in C_i and C_i expected
average differences - x: -1.24844911061 	y: -0.795059928932 	z: 0.751102777227
[[ -1.03824618e+01   4.79647825e+00   3.56788548e+00]
 [ -8.08100457e+00   3.86614895e+00   3.44795161e+00]
 [ -4.43954734e+00   2.44581965e+00   5.12801775e+00]
 [ -1.02327316e+01   6.47221146e+00   7.77292376e+00]
 [ -5.44127432e+00   1.43188217e+00   1.11929899e+01]
 [ -5.98170953e-02  -2.44844713e+00   1.30830560e+01]
 [ -5.77300131e+00   6.09794468e+00   1.14979621e+01]
 [ -1.07154408e+00  -1.47238462e+00   1.56280282e+01]
 [  3.72991315e+00  -6.26271391e+00   1.64980943e+01]
 [ -6.56618565e+00  -3.80378606e-01  -1.56952903e+00]
 [ -3.93472843e+00  -3.11070790e+00  -4.98946289e+00]
 [ -2.72327120e+00  -5.65103720e+00  -4.83939676e+00]
 [ -3.69645541e+00   5.69535461e+00   1.56550926e+00]
 [  6.85001819e-01  -1.74974687e-01   3.37557539e+00]
 [  3.78645905e+00  -5.81530398e+00   4.18564153e+00]
 [ -2.28672516e+00   7.51108783e+00   5.44054754e+00]
 [  2.76473206e+00   4.30758529e-01   1.03606137e+01]
 [  8.12618929e+00  -6.17957077e+00   1.10206798e+01]
 [ -6.48990951e+00  -4.91723546e+00  -3.35694354e+00]
 [  5.15477167e-02  -1.00075648e+01  -1.00368774e+01]
 [  2.67300495e+00  -1.32678941e+01  -1.24168113e+01]
 [  3.09820733e-01   3.56849776e+00  -2.94190525e+00]
 [  5.38127796e+00  -3.12183154e+00  -2.63183911e+00]
 [  8.09273519e+00  -9.82216084e+00  -3.22177298e+00]
 [  1.38955098e+00   6.65423097e+00  -1.26686696e+00]
 [  5.30100821e+00   2.13901676e-01   4.59319917e+00]
 [  1.04124654e+01  -7.79642762e+00   5.53326531e+00]
 [ -1.08170697e+01  -3.19570693e+00   3.79943810e+00]
 [ -9.97167633e+00  -4.64947373e+00   5.54082558e+00]
 [ -7.66628294e+00  -5.63324053e+00   5.55221305e+00]
 [ -1.26150948e+01  -8.04332945e+00   1.15917046e+01]
 [ -1.18697014e+01  -9.68709625e+00   1.04330921e+01]
 [ -1.14543080e+01  -8.92086306e+00   6.38447959e+00]
 [ -1.48431199e+01  -1.13009520e+01   1.46039712e+01]
 [ -1.46777265e+01  -1.23047188e+01   1.11553586e+01]
 [ -1.47523331e+01  -1.03784856e+01   4.88674612e+00]
 [ -8.59886718e+00  -4.95843013e+00  -1.60478818e+00]
 [ -1.11434738e+01  -7.20219693e+00   2.79659929e+00]
 [ -1.13980804e+01  -8.70596373e+00   9.13798676e+00]
 [ -8.37689226e+00  -4.80605265e+00   7.33747835e+00]
 [ -9.91149888e+00  -8.59981945e+00   6.70886582e+00]
 [ -1.09361055e+01  -9.94358626e+00   4.60025330e+00]
 [ -1.05849173e+01  -4.79367517e+00   1.42197449e+01]
 [ -9.46952396e+00  -8.88744198e+00   9.31113236e+00]
 [ -9.01413058e+00  -9.84120878e+00   4.92519832e-01]
 [ -3.23066466e+00  -6.45115332e+00  -4.36901447e+00]
 [ -8.03527127e+00  -7.47492013e+00   8.42373002e-01]
 [ -1.35198779e+01  -6.78868693e+00   1.15937605e+01]
 [ -4.07868974e+00  -2.67877585e+00   4.70325206e+00]
 [ -6.67329635e+00  -6.90254265e+00   3.93463954e+00]
 [ -9.35790297e+00  -8.26630946e+00   3.06602701e+00]
 [ -8.53671482e+00  -3.06398373e-01   1.34455186e+01]
 [ -6.13132143e+00  -6.64016518e+00   7.69690607e+00]
 [ -3.45592805e+00  -9.70393198e+00  -2.98170646e+00]
 [  3.60846406e+00   4.86779299e-01  -3.63813807e+00]
 [ -1.32841194e+00  -3.06887435e+00   7.99337589e-01]
 [ -6.16528795e+00  -4.28452801e+00   1.99681324e+00]
 [  1.01936659e+01  -1.20934068e+00  -5.31840906e+00]
 [  1.36678993e+00  -2.87499434e+00  -5.26093340e+00]
 [ -6.58008607e+00  -2.28064799e+00  -6.43345775e+00]
 [  1.92288678e+01  -2.36546067e+00  -8.51868005e+00]
 [  4.51199180e+00   5.68885680e-01  -1.57112044e+01]
 [ -7.55488420e+00   4.09323203e+00  -1.95437287e+01]
 [  7.63684882e+00   4.86792500e+00   4.79002319e-03]
 [  2.85997281e+00   1.92227134e+00   5.10226568e+00]
 [ -1.85690319e+00  -1.08338231e+00   6.42974133e+00]
 [  7.70205069e+00   1.01180501e+00  -7.54809701e-02]
 [  4.45174688e-01  -1.63848640e-01   3.16199468e+00]
 [ -3.92170132e+00  -1.36950229e+00   3.30947034e+00]
 [  1.04372526e+01  -6.40431497e+00  -6.65751963e-01]
 [ -1.35962344e+00  -3.91996862e+00  -3.51827631e+00]
 [ -7.52649944e+00  -1.51562228e+00  -5.62080066e+00]
 [  1.16452336e+01   6.65907070e+00   3.31771811e+00]
 [  5.73835757e+00   4.54341704e+00   9.02519377e+00]
 [  2.21481568e-01   2.47763387e-01   1.08326694e+01]
 [  6.93043545e+00   1.73295071e+00   2.74744712e+00]
 [ -1.46440554e-01   8.27297059e-01   8.91492277e+00]
 [ -3.07331656e+00  -2.19835660e+00   1.12223984e+01]
 [  2.34563732e+00  -9.24316927e+00   3.70717612e+00]
 [ -5.07123868e+00  -8.36882292e+00   4.84465178e+00]
 [ -5.97811468e+00  -7.84447658e+00   5.58212743e+00]
 [ -1.21494722e+01  -5.57215908e+00   1.29914065e+01]
 [ -6.59586414e+00  -6.45625194e+00   9.84299915e+00]
 [ -1.22225607e+00  -4.12034481e+00   3.69459182e+00]
 [ -1.22299867e+01  -3.37205331e+00   7.39679021e+00]
 [ -7.22637862e+00  -3.49614618e+00   4.67838288e+00]
 [  7.17229447e-01  -2.48023904e+00   1.87997556e+00]
 [ -1.26905012e+01   3.01805246e+00  -2.51782605e+00]
 [ -7.15689310e+00   3.30395959e+00  -2.63623338e+00]
 [  5.74671497e+00   1.69986673e+00   1.27535929e+00]
 [ -7.86158088e+00  -2.28073163e+00   6.78337435e+00]
 [ -1.57797281e+00  -6.14482449e+00   2.33496702e+00]
 [  4.16563525e+00  -6.74891736e+00  -6.18344030e+00]
 [ -9.97209536e+00  -2.49062586e+00   6.48875809e+00]
 [ -1.06848729e+00  -5.29471872e+00   1.60035076e+00]
 [  8.63512077e+00  -6.04881159e+00  -5.86805657e+00]
 [ -1.34926098e+01  -2.59052009e+00   5.94141821e-01]
 [ -2.91900178e+00  -3.34461295e+00  -1.11426551e+00]
 [  1.16646063e+01  -4.39870582e+00  -1.08267283e+00]
 [ -5.66368955e+00  -9.89304174e-01   3.45342224e-01]
 [  1.83991851e+00  -6.98339704e+00  -4.97306510e+00]
 [  9.85352658e+00  -9.70748990e+00  -1.54014724e+01]
 [ -8.96420403e+00  -3.42919840e+00   3.77072596e+00]
 [  2.99940403e+00  -8.78329127e+00  -1.93768137e+00]
 [  1.54330121e+01  -1.09573841e+01  -1.28760887e+01]
 [ -1.19347185e+01  -9.02909264e+00   1.16610969e+00]
 [  1.65888955e+00  -1.10931855e+01  -3.52297633e-01]
 [  1.53224976e+01  -1.08572784e+01  -2.83070496e+00]
 [  3.69111629e+00   2.03227843e+00  -2.58660428e+00]
 [  1.08745139e+01  -7.29959411e-01  -9.11393772e+00]
 [  1.41179116e+01  -2.09219725e+00  -1.13212712e+01]
 [  2.88504320e+00   1.05967647e+01  -3.97600094e+00]
 [  8.80844084e+00   6.26452689e+00  -3.58333437e+00]
 [  1.21718385e+01   1.51228905e+00  -3.65066781e+00]
 [ -3.19102989e+00   1.40612510e+01  -4.69539759e+00]
 [  1.31236775e+00   9.87901320e+00   1.33726897e+00]
 [  6.66576539e+00   3.69677536e+00   3.35993554e+00]
 [ -8.57270338e-01   5.31226008e+00  -5.10457647e+00]
 [  1.05161273e+01   1.66002224e+00  -1.17019099e+01]
 [  1.81495249e+01   7.17784401e-01  -1.45992433e+01]
 [  4.86656567e-01   1.35167464e+01  -8.04397312e+00]
 [  8.26005421e+00   9.22450854e+00  -7.77130656e+00]
 [  1.38734518e+01   4.33227070e+00  -8.38863999e+00]
 [ -2.24941653e+00   1.62712327e+01  -1.09933698e+01]
 [  1.21398111e+00   1.29689948e+01  -5.18070321e+00]
 [  5.77737875e+00   6.26675701e+00  -3.11803665e+00]
 [ -7.42565697e+00   8.31224173e+00  -1.02825486e+01]
 [  5.80774067e+00   6.40000389e+00  -1.25898821e+01]
 [  1.88311383e+01   7.24776605e+00  -1.33872155e+01]
 [ -6.88173007e+00   1.43367280e+01  -1.27019453e+01]
 [  2.65166758e+00   1.09944902e+01  -1.04892787e+01]
 [  1.23250652e+01   6.91225235e+00  -1.02966122e+01]
 [ -4.70780316e+00   1.53812143e+01  -1.61213420e+01]
 [ -1.53440552e+00   1.24189765e+01  -1.16186754e+01]
 [  2.53899212e+00   6.06673866e+00  -1.02460088e+01]
 [ -2.65017525e+00   9.76445683e+00  -1.27750859e+01]
 [ -1.19306152e+01   4.68352421e+00  -7.82289818e+00]
 [ -2.17110552e+01   1.20259160e+00   1.85928954e+00]
 [ -1.33223736e+00   1.37995158e+01   2.03413863e-01]
 [ -8.49267735e+00   5.58858316e+00  -3.94398409e-01]
 [ -1.51631173e+01   7.65054995e-03  -2.37221068e+00]
 [ -3.84429946e+00   1.65145747e+01   1.28019136e+01]
 [ -6.51473945e+00   6.22364211e+00   8.18410137e+00]
 [ -8.07517945e+00  -9.57290501e-01  -2.43371091e+00]
 [  9.93866035e-01   9.31926023e+00  -5.45977384e+00]
 [ -6.75657396e+00   6.27832762e+00  -1.75758611e+00]
 [ -1.90170140e+01   5.53739501e+00   6.43460162e+00]
 [  1.41803932e-01   1.34843192e+01   6.06872594e+00]
 [ -5.72863606e+00   5.54338657e+00   4.55091366e+00]
 [ -1.27490761e+01   5.22453956e-01   1.50310139e+00]
 [ -4.74025817e+00   1.60893781e+01   1.66772257e+01]
 [ -7.17069817e+00   4.47844552e+00   1.20494134e+01]
 [ -7.27113816e+00  -4.22248709e+00   1.25160117e+00]
 [  7.57907325e-01   1.24540636e+01   6.13553823e+00]
 [ -1.77253267e+00   1.10631310e+01   7.51772596e+00]
 [ -1.18629727e+01   1.12821984e+01   9.25991369e+00]
 [ -2.09415478e+00   1.28891226e+01   1.46040380e+01]
 [ -4.66459477e+00   5.61818997e+00   1.21362257e+01]
 [ -1.06450348e+01   1.27725736e+00   6.87841346e+00]
 [ -7.99621688e+00   1.27041815e+01   1.99425378e+01]
 [ -1.12866569e+01   1.25324892e+00   1.59547255e+01]
 [ -1.18770969e+01  -7.41768369e+00   7.31691324e+00]
 [  1.14970030e+00   1.09002651e+01   3.83010314e+00]
 [  1.32975056e+00   6.93362587e+00   9.47833280e+00]
 [  1.94980083e+00   1.09698663e+00   1.10465625e+01]
 [ -2.55108833e+00   6.04944611e+00   5.02236313e+00]
 [ -3.41103807e+00   3.41280688e+00   1.10705928e+01]
 [ -1.30987804e-01  -1.07383235e+00   1.29288225e+01]
 [ -5.80187696e+00  -4.75137287e+00   7.43462312e+00]
 [ -7.17182670e+00  -5.24801210e+00   8.38285279e+00]
 [ -2.23177643e+00  -6.09465133e+00   8.69108245e+00]
 [  1.93521891e+00   7.86097217e+00   2.25205777e+00]
 [  1.10526918e+00   4.76433294e+00   7.81028744e+00]
 [  1.18531944e+00  -1.59230629e+00   9.49851711e+00]
 [ -1.21556972e+00   2.59015319e+00   1.31431776e+00]
 [ -3.17551945e+00   4.63513955e-01   7.70254743e+00]
 [ -1.47546919e+00  -4.67312528e+00   1.07707771e+01]
 [ -7.56635834e+00  -8.40066580e+00   2.50657775e+00]
 [ -6.67630808e+00  -9.61730503e+00   4.70480742e+00]
 [ -1.25625782e+00  -1.08939443e+01   7.54303709e+00]
 [ -7.79262472e-01   1.66167924e+00   1.76401240e+00]
 [ -1.97921221e+00  -9.44959988e-01   6.34224207e+00]
 [ -2.03916195e+00  -6.93159922e+00   7.72047174e+00]
 [  1.83994890e+00  -3.14913974e+00  -1.72372761e+00]
 [ -1.91000084e+00  -4.71577897e+00   1.93450206e+00]
 [ -4.39995057e+00  -9.06241820e+00   4.62273173e+00]
 [ -1.69083973e+00  -1.13799587e+01  -4.10146762e+00]
 [ -1.90078947e+00  -1.16165980e+01  -3.64323795e+00]
 [ -1.48073920e+00  -1.12332372e+01   3.54991721e-01]
 [  4.66748636e+00   7.16009037e+00  -2.42347491e+00]
 [  6.52800841e+00   2.34912317e-01  -7.29451854e+00]
 [  9.08853045e+00  -3.45026573e+00  -1.75255622e+01]
 [  1.04566300e+00   4.90827815e+00   2.01146177e+00]
 [  7.26618505e+00  -1.39689991e+00  -3.27958186e+00]
 [  1.42667071e+01  -4.62207796e+00  -1.39306255e+01]
 [ -2.40616035e+00  -6.33534077e-01   3.26398445e-01]
 [  5.51436169e+00  -3.70871213e+00  -1.22464519e+00]
 [  1.39748837e+01  -4.67389018e+00  -3.56568882e+00]
 [  3.96687866e+00   5.39031513e+00  -3.43364165e+00]
 [  6.34740070e+00  -2.58486292e+00  -8.55468528e+00]
 [  1.03079228e+01  -7.46004097e+00  -1.90257289e+01]
 [ -5.49446997e-02   2.36850291e+00   3.21295025e-01]
 [  5.56557735e+00  -5.24667514e+00  -4.00974861e+00]
 [  1.33460994e+01  -9.70185319e+00  -1.43707922e+01]
 [ -1.20676806e+00  -4.14330931e+00  -6.43768298e-01]
 [  5.19375399e+00  -7.27848737e+00   4.51880696e-02]
 [  1.08842760e+01  -7.58366542e+00  -1.74585556e+00]
 [  8.76270955e-01   9.40539895e-01  -4.55380839e+00]
 [  2.96679300e+00  -6.70463816e+00  -9.15485203e+00]
 [  6.76731505e+00  -1.13098162e+01  -1.78258957e+01]
 [ -2.62555240e+00  -1.10127233e+00  -5.18887172e+00]
 [ -9.95030357e-01  -8.19645038e+00  -7.30991535e+00]
 [  5.14549169e+00  -1.30916284e+01  -1.36209590e+01]
 [ -9.27375761e-01  -3.42308455e+00  -7.34393504e+00]
 [ -2.68537150e-02  -5.16826260e+00  -3.70497867e+00]
 [  2.52366833e+00  -5.96344065e+00  -2.70602231e+00]]