27, 8, pa1-debug-g-output.txt
172.420406569,	249.819381141,	172.631114689
377.002248483,	445.924179275,	206.214032749
217.747529379,	212.751294783,	200.325603192
216.364291287,	206.354938052,	325.154178738
214.981053194,	199.958581321,	449.982754285
216.621060208,	337.583082065,	206.709641976
215.237822115,	331.186725334,	331.538217523
213.854584023,	324.790368603,	456.366793069
215.494591036,	462.414869347,	213.093680761
214.111352943,	456.018512616,	337.922256307
212.728114851,	449.622155885,	462.750831854
342.73479961,	213.805573955,	201.764622248
341.351561517,	207.409217224,	326.593197794
339.968323425,	201.012860493,	451.42177334
341.608330438,	338.637361237,	208.148661032
340.225092345,	332.241004506,	332.977236579
338.841854253,	325.844647775,	457.805812125
340.481861266,	463.469148518,	214.532699817
339.098623174,	457.072791788,	339.361275363
337.715385081,	450.676435057,	464.18985091
467.72206984,	214.859853126,	203.203641304
466.338831747,	208.463496396,	328.03221685
464.955593655,	202.067139665,	452.860792396
466.595600668,	339.691640408,	209.587680088
465.212362576,	333.295283678,	334.416255635
463.829124483,	326.898926947,	459.244831181
465.469131496,	464.52342769,	215.971718873
464.085893404,	458.12707096,	340.800294419
462.702655311,	451.730714229,	465.628869966
213.634217593,	214.358727579,	442.358586001
214.592579235,	213.027995456,	567.347828318
215.550940877,	211.697263333,	692.337070635
213.063002743,	339.350291789,	443.693722664
214.021364385,	338.019559666,	568.682964981
214.979726027,	336.688827543,	693.672207298
212.491787893,	464.341855999,	445.028859328
213.450149535,	463.011123876,	570.018101645
214.408511177,	461.680391753,	695.007343962
338.62923852,	214.94012962,	441.406370106
339.587600162,	213.609397497,	566.395612423
340.545961804,	212.278665374,	691.38485474
338.05802367,	339.93169383,	442.74150677
339.016385312,	338.600961707,	567.730749087
339.974746954,	337.270229584,	692.719991404
337.48680882,	464.92325804,	444.076643434
338.445170462,	463.592525917,	569.065885751
339.403532104,	462.261793794,	694.055128068
463.624259447,	215.52153166,	440.454154212
464.582621089,	214.190799537,	565.443396529
465.540982731,	212.860067414,	690.432638846
463.053044597,	340.51309587,	441.789290876
464.011406239,	339.182363747,	566.778533193
464.969767881,	337.851631624,	691.76777551
462.481829747,	465.50466008,	443.12442754
463.440191389,	464.173927957,	568.113669857
464.398553031,	462.843195834,	693.102912174
213.152368447,	447.986544021,	204.950883952
211.621436801,	447.926271157,	329.941494061
210.090505154,	447.865998293,	454.932104171
210.984904157,	572.967746454,	204.984604368
209.453972511,	572.90747359,	329.975214477
207.923040864,	572.847200726,	454.965824586
208.817439868,	697.948948886,	205.018324784
207.286508221,	697.888676022,	330.008934893
205.755576575,	697.828403158,	454.999545002
338.12419866,	450.153432504,	206.48263049
336.593267014,	450.09315964,	331.4732406
335.062335367,	450.032886775,	456.463850709
335.956734371,	575.134634936,	206.516350906
334.425802724,	575.074362072,	331.506961016
332.894871078,	575.014089208,	456.497571125
333.789270081,	700.115837369,	206.550071322
332.258338434,	700.055564505,	331.540681431
330.727406788,	699.995291641,	456.531291541
463.096028873,	452.320320986,	208.014377029
461.565097227,	452.260048122,	333.004987138
460.034165581,	452.199775258,	457.995597247
460.928564584,	577.301523419,	208.048097445
459.397632937,	577.241250555,	333.038707554
457.866701291,	577.18097769,	458.029317663
458.761100294,	702.282725851,	208.081817861
457.230168648,	702.222452987,	333.07242797
455.699237001,	702.162180123,	458.063038079
197.197764509,	453.479215668,	456.318945599
202.063843205,	450.758630558,	581.194562494
206.929921901,	448.038045449,	706.070179388
198.539214568,	578.443491801,	458.989189444
203.405293264,	575.722906692,	583.864806338
208.27137196,	573.002321582,	708.740423233
199.880664627,	703.407767934,	461.659433288
204.746743323,	700.687182825,	586.535050182
209.612822019,	697.966597716,	711.410667077
322.095810089,	452.243049372,	451.425061352
326.961888786,	449.522464262,	576.300678247
331.827967482,	446.801879153,	701.176295141
323.437260148,	577.207325505,	454.095305196
328.303338845,	574.486740396,	578.970922091
333.169417541,	571.766155287,	703.846538985
324.778710207,	702.171601639,	456.76554904
329.644788904,	699.451016529,	581.641165935
334.5108676,	696.73043142,	706.516782829
446.99385567,	451.006883076,	446.531177105
451.859934366,	448.286297967,	571.406793999
456.726013062,	445.565712857,	696.282410894
448.335305729,	575.97115921,	449.201420949
453.201384425,	573.2505741,	574.077037843
458.067463121,	570.529988991,	698.952654738
449.676755788,	700.935435343,	451.871664793
454.542834484,	698.214850234,	576.747281687
459.40891318,	695.494265124,	701.622898582
449.412979557,	211.980894826,	206.962590961
444.650089928,	211.306397832,	331.869996411
439.887200299,	210.631900837,	456.777401861
447.691541257,	336.967555806,	207.571875145
442.928651628,	336.293058812,	332.479280594
438.165762,	335.618561817,	457.386686044
445.970102957,	461.954216786,	208.181159328
441.207213329,	461.279719792,	333.088564778
436.4443237,	460.605222798,	457.995970228
574.310343551,	213.677842333,	211.734261171
569.547453922,	213.003345338,	336.641666621
564.784564293,	212.328848344,	461.549072071
572.588905251,	338.664503313,	212.343545355
567.826015622,	337.990006319,	337.250950805
563.063125993,	337.315509324,	462.158356254
570.867466951,	463.651164293,	212.952829538
566.104577322,	462.976667299,	337.860234988
561.341687693,	462.302170304,	462.767640438
699.207707544,	215.37478984,	216.505931382
694.444817915,	214.700292845,	341.413336831
689.681928287,	214.025795851,	466.320742281
697.486269245,	340.36145082,	217.115215565
692.723379616,	339.686953825,	342.022621015
687.960489987,	339.012456831,	466.930026465
695.764830945,	465.3481118,	217.724499749
691.001941316,	464.673614805,	342.631905199
686.239051687,	463.999117811,	467.539310648
449.050051809,	201.945027209,	452.907625577
448.248169005,	196.885583718,	577.802617532
447.4462862,	191.826140227,	702.697609488
449.117917551,	326.842553116,	457.967607446
448.316034746,	321.783109625,	582.862599402
447.514151941,	316.723666134,	707.757591357
449.185783293,	451.740079023,	463.027589316
448.383900488,	446.680635532,	587.922581271
447.582017683,	441.621192041,	712.817573226
574.047461295,	201.844758379,	453.706104101
573.245578491,	196.785314888,	578.601096056
572.443695686,	191.725871397,	703.496088012
574.115327037,	326.742284286,	458.76608597
573.313444232,	321.682840796,	583.661077926
572.511561427,	316.623397305,	708.556069881
574.183192779,	451.639810194,	463.82606784
573.381309974,	446.580366703,	588.721059795
572.579427169,	441.520923212,	713.61605175
699.044870781,	201.74448955,	454.504582625
698.242987977,	196.685046059,	579.399574581
697.441105172,	191.625602568,	704.294566536
699.112736523,	326.642015457,	459.564564494
698.310853718,	321.582571966,	584.45955645
697.508970913,	316.523128475,	709.354548405
699.180602265,	451.539541364,	464.624546364
698.37871946,	446.480097873,	589.519538319
697.576836655,	441.420654382,	714.414530274
452.833788442,	451.38556973,	198.330185647
452.167422519,	454.377184723,	323.292604782
451.501056597,	457.368799716,	448.255023918
453.925680302,	576.345136084,	195.344461497
453.259314379,	579.336751077,	320.306880632
452.592948456,	582.32836607,	445.269299767
455.017572161,	701.304702438,	192.358737346
454.351206238,	704.296317431,	317.321156482
453.684840315,	707.287932424,	442.283575617
577.827243185,	450.309922823,	199.022468181
577.160877263,	453.301537816,	323.984887317
576.49451134,	456.293152809,	448.947306452
578.919135045,	575.269489177,	196.036744031
578.252769122,	578.26110417,	320.999163166
577.586403199,	581.252719163,	445.961582302
580.011026904,	700.229055532,	193.051019881
579.344660981,	703.220670525,	318.013439016
578.678295059,	706.212285518,	442.975858151
702.820697928,	449.234275916,	199.714750716
702.154332006,	452.225890909,	324.677169851
701.487966083,	455.217505902,	449.639588987
703.912589788,	574.19384227,	196.729026565
703.246223865,	577.185457263,	321.691445701
702.579857942,	580.177072256,	446.653864836
705.004481647,	699.153408625,	193.743302415
704.338115724,	702.145023618,	318.70572155
703.671749802,	705.136638611,	443.668140686
442.067480807,	445.283095703,	462.486592406
439.207901305,	447.99415876,	587.424468737
436.348321803,	450.705221816,	712.362345069
441.911175667,	570.253502049,	459.771245957
439.051596164,	572.964565106,	584.709122289
436.192016662,	575.675628163,	709.64699862
441.754870526,	695.223908396,	457.055899509
438.895291023,	697.934971452,	581.99377584
436.035711521,	700.646034509,	706.931652171
567.034669996,	445.501441154,	465.34210488
564.175090494,	448.212504211,	590.279981212
561.315510992,	450.923567268,	715.217857543
566.878364855,	570.471847501,	462.626758432
564.018785353,	573.182910557,	587.564634763
561.159205851,	575.893973614,	712.502511094
566.722059715,	695.442253847,	459.911411983
563.862480212,	698.153316904,	584.849288314
561.00290071,	700.86437996,	709.787164646
692.001859185,	445.719786605,	468.197617355
689.142279683,	448.430849662,	593.135493686
686.282700181,	451.141912719,	718.073370017
691.845554044,	570.690192952,	465.482270906
688.985974542,	573.401256008,	590.420147237
686.12639504,	576.112319065,	715.358023569
691.689248904,	695.660599298,	462.766924457
688.829669401,	698.371662355,	587.704800789
685.970089899,	701.082725411,	712.64267712
