Differences in C_i and C_i expected
average differences - x: 1.53231679987 	y: -2.62538205933 	z: -0.13807423788
[[ -7.15286479e+00  -2.83241503e+00   3.79961036e+00]
 [ -1.60043657e+00  -2.19494838e+00   5.46598822e+00]
 [  4.67199166e+00  -1.03748172e+00   6.23236609e+00]
 [ -1.38097835e+00  -1.39355810e+00   6.16849482e+00]
 [  2.87144988e+00  -2.14609144e+00   4.64487268e+00]
 [  6.95387810e+00  -2.05862479e+00   4.19125054e+00]
 [  3.09090809e+00   1.13529884e+00   7.71737928e+00]
 [  6.34333632e+00  -1.81723451e+00   4.10375714e+00]
 [  8.84576454e+00  -3.67976785e+00   2.93013500e+00]
 [ -8.69844864e+00  -1.27903423e+00   8.04409862e-01]
 [ -2.06602042e+00  -4.64156758e+00  -5.39212276e-01]
 [  4.23640780e+00  -7.26410092e+00  -1.15283441e+00]
 [ -3.08656220e+00  -7.80177300e-01   1.34329432e+00]
 [  2.75586602e+00  -4.92271064e+00  -2.90327819e-01]
 [  7.46829425e+00  -7.96524399e+00  -5.39499578e-02]
 [  2.07532424e+00  -1.14132037e+00   2.60217878e+00]
 [  6.98775246e+00  -4.84385371e+00   9.38556638e-01]
 [  1.05301807e+01  -7.69638705e+00   7.74934499e-01]
 [ -8.59403250e+00  -2.26565344e+00  -2.81079064e+00]
 [ -2.77160427e+00  -8.01818678e+00  -5.87441278e+00]
 [  2.68082395e+00  -1.29107201e+01  -7.25803492e+00]
 [ -4.19214605e+00  -2.13679650e+00  -2.98190618e+00]
 [  2.64028217e+00  -7.52932985e+00  -3.29552832e+00]
 [  7.85271039e+00  -1.22318632e+01  -2.52915046e+00]
 [  2.29740388e-01  -3.96793957e+00  -1.79302173e+00]
 [  7.41216861e+00  -6.97047291e+00  -4.16643864e-01]
 [  1.30045968e+01  -1.02730063e+01   9.99733998e-01]
 [ -2.93413662e+00  -8.75583776e+00   1.04415327e+01]
 [  2.86475356e+00  -8.01944734e+00   9.86783497e+00]
 [  7.05364374e+00  -9.20305692e+00   8.47413729e+00]
 [ -4.59330628e+00  -9.58461123e+00   6.77877440e+00]
 [ -8.14416096e-01  -9.28822082e+00   7.85507672e+00]
 [  2.64447409e+00  -9.81183040e+00   9.80137903e+00]
 [ -6.23247593e+00  -1.12833847e+01   4.26601614e+00]
 [ -3.78358575e+00  -1.12069943e+01   5.80231846e+00]
 [ -2.94695572e-01  -1.01306039e+01   9.11862078e+00]
 [ -3.78672279e+00  -1.09864293e+01   3.05013338e+00]
 [  1.11216739e+00  -1.11700389e+01   3.61643570e+00]
 [  4.20105757e+00  -1.00236485e+01   4.68273801e+00]
 [ -3.95589245e+00  -1.15152028e+01   2.98737513e+00]
 [ -9.27002267e-01  -1.13988124e+01   4.82367744e+00]
 [  9.31887913e-01  -9.40242199e+00   6.93997976e+00]
 [ -4.59506211e+00  -1.12839763e+01   2.72461687e+00]
 [ -2.32617192e+00  -1.11475859e+01   4.18091919e+00]
 [ -1.47281743e-01  -9.43119546e+00   6.15722150e+00]
 [ -5.50930896e+00  -1.27370209e+01  -2.73126589e+00]
 [ -1.45041878e+00  -1.37106305e+01  -2.01496358e+00]
 [  1.89847140e+00  -1.13542401e+01  -1.78661259e-01]
 [ -3.46847862e+00  -1.19857944e+01   7.55975853e-01]
 [ -4.49588439e-01  -1.22594040e+01   2.04227817e+00]
 [  8.19301742e-01  -9.54301358e+00   2.73858049e+00]
 [ -2.14764828e+00  -9.66456789e+00   2.74321760e+00]
 [  4.61241904e-01  -1.01481775e+01   3.48951992e+00]
 [  1.15013208e+00  -8.57178705e+00   3.37582223e+00]
 [ -5.20402095e+00   2.44858163e+00   5.53617164e+00]
 [ -8.52601072e-01   2.46926312e-01   2.06137832e+00]
 [  2.56881881e+00  -1.06472901e+00   6.66585005e-01]
 [ -4.80428713e+00   4.36184813e+00   5.56099726e+00]
 [ -3.28672467e-02   4.30192814e-01   3.01620394e+00]
 [  4.10855264e+00  -2.38146250e+00   1.88141062e+00]
 [ -5.77455330e+00   4.49511464e+00   5.18582288e+00]
 [  3.26866579e-01   1.93459317e-01   6.75102956e+00]
 [  7.20828646e+00  -2.36819600e+00   6.42623624e+00]
 [ -6.52861376e+00   2.07656443e+00  -4.69959439e-01]
 [ -2.87193880e-01  -6.45090892e-01  -2.08475276e+00]
 [  4.22422600e+00  -3.14674621e+00  -1.82954608e+00]
 [ -5.79887994e+00   1.39983093e+00   4.54866177e-01]
 [  4.12539945e-01  -8.41824389e-01  -4.39927142e-01]
 [  5.53395983e+00  -2.93347971e+00  -1.30472046e+00]
 [ -6.82914611e+00   5.63097433e-01   2.44969179e+00]
 [ -9.77262294e-02  -1.22855789e+00   1.88489847e+00]
 [  7.44369365e+00  -2.72021321e+00  -4.49894845e-01]
 [ -8.15320657e+00   1.20454722e+00  -5.81609052e+00]
 [ -2.17866879e-02  -1.25710810e+00  -4.10088384e+00]
 [  6.60963319e+00  -3.55876342e+00  -2.69567716e+00]
 [ -6.72347274e+00  -1.39218627e+00  -3.81126491e+00]
 [  1.26794714e+00  -1.56384159e+00  -2.99605822e+00]
 [  7.70936702e+00  -2.40549691e+00  -3.35085154e+00]
 [ -6.35373892e+00  -3.49891977e+00  -6.36439289e-01]
 [  9.67680963e-01  -3.03057509e+00  -2.56123261e+00]
 [  7.67910084e+00  -3.65223041e+00  -6.30602593e+00]
 [ -1.37094088e+00  -3.10804296e+00  -4.60558684e+00]
 [ -7.62545772e+00  -2.81738273e+00  -3.12258411e+00]
 [ -1.32899746e+01  -1.70672249e+00   3.04186107e-02]
 [ -2.94388853e-01  -4.43820883e+00  -4.54946080e+00]
 [ -6.03890570e+00  -4.09754860e+00  -4.38645808e+00]
 [ -1.06034225e+01  -1.63688837e+00  -3.28345535e+00]
 [  1.81216317e+00  -4.57837471e+00  -1.06333476e+00]
 [ -1.26235368e+00  -3.58771448e+00  -3.41033204e+00]
 [ -4.57687052e+00  -9.07054242e-01  -6.90732931e+00]
 [  3.12035948e-01  -4.59184942e+00   2.51876617e+00]
 [ -6.00248090e+00  -4.36118918e+00   4.20176889e+00]
 [ -1.30569977e+01  -2.37052895e+00   6.02477162e+00]
 [  1.13858797e+00  -4.47201529e+00   2.18489221e+00]
 [ -4.39592888e+00  -4.28135506e+00   1.92789493e+00]
 [ -1.01704457e+01  -2.93069483e+00   2.62089766e+00]
 [  2.35513999e+00  -4.51218117e+00   2.41101825e+00]
 [ -8.49376853e-01  -4.27152093e+00  -2.59790288e-02]
 [ -5.39389370e+00  -3.71086070e+00  -6.22976303e-01]
 [  2.55501277e+00  -4.72565588e+00   1.12031192e+01]
 [ -3.33950407e+00  -4.88499564e+00   1.22661219e+01]
 [ -1.15340209e+01  -3.13433541e+00   1.19691246e+01]
 [  3.52156479e+00  -3.54582175e+00   1.00792452e+01]
 [ -1.94295205e+00  -3.64516152e+00   9.55224794e+00]
 [ -8.94746890e+00  -3.86450128e+00   9.64525066e+00]
 [  2.78811682e+00  -4.55598762e+00   6.44537125e+00]
 [ -1.55640003e+00  -5.02532739e+00   4.55837398e+00]
 [ -6.97091688e+00  -6.04466716e+00   6.02137670e+00]
 [ -3.45983569e+00   5.02195344e+00  -3.03226203e+00]
 [  1.33738090e+00  -1.27174126e+00  -6.14755402e+00]
 [  5.81459750e+00  -7.28543597e+00  -7.49284602e+00]
 [ -1.76061027e+00   5.15370544e+00  -2.30338861e+00]
 [  3.93660632e+00  -7.49989261e-01  -2.94868061e+00]
 [  8.53382292e+00  -6.55368396e+00  -2.30397261e+00]
 [  3.58615146e-01   2.84545744e+00  -7.54515197e-01]
 [  6.35583174e+00  -7.08237261e-01   4.50192805e-01]
 [  1.10630483e+01  -4.44193196e+00   1.70490081e+00]
 [ -1.44084813e+00   1.70969662e+00  -6.63242775e+00]
 [  1.22636847e+00  -2.93399808e+00  -8.98771974e+00]
 [  4.24358506e+00  -7.28769278e+00  -1.00330117e+01]
 [ -2.05162271e+00   3.10144863e+00  -5.19355433e+00]
 [  4.29559389e+00  -6.72246078e-01  -4.63884633e+00]
 [  9.44281048e+00  -5.14594078e+00  -3.75413833e+00]
 [ -1.25239729e+00   2.29320063e+00  -2.90468092e+00]
 [  7.05481931e+00   4.59505923e-01  -4.19972915e-01]
 [  1.30720359e+01  -2.80418878e+00   6.94735087e-01]
 [  1.96813944e+00  -4.62256019e+00  -1.12425935e+01]
 [  1.97535603e+00  -4.11625490e+00  -1.14178855e+01]
 [  3.49257263e+00  -3.95994960e+00  -1.11631775e+01]
 [ -5.02635143e-01  -6.20808192e-01  -7.53372005e+00]
 [  5.26458145e+00  -4.34502895e-01  -6.99901205e+00]
 [  1.01717980e+01  -1.08819760e+00  -7.43430405e+00]
 [ -1.56340972e+00   1.99094381e+00  -3.86484664e+00]
 [  7.71380687e+00   1.29724911e+00  -3.04013864e+00]
 [  1.43310235e+01  -2.46445598e-01  -3.90543063e+00]
 [  2.34559679e+00  -8.01776065e+00  -2.17646570e+00]
 [  1.04477193e+01  -8.68483094e+00  -1.40129803e+00]
 [  1.71898419e+01  -6.57190122e+00   7.13869644e-01]
 [  7.49818920e-01  -7.23088560e+00   8.79146441e-01]
 [  7.72194145e+00  -7.76795589e+00   2.35431411e+00]
 [  1.27240640e+01  -4.91502617e+00   3.25948178e+00]
 [ -1.39595895e+00  -5.21401056e+00   2.67475858e+00]
 [  5.08616359e+00  -5.53108084e+00   3.60992625e+00]
 [  9.82828612e+00  -3.98815112e+00   3.29509392e+00]
 [  7.49550546e-01  -3.66092493e+00  -9.85146777e+00]
 [  8.69167308e+00  -4.45799521e+00  -9.97630010e+00]
 [  1.70037956e+01  -2.81506550e+00  -9.34113243e+00]
 [  1.26377268e+00  -1.44404988e+00  -5.93585563e+00]
 [  8.20589521e+00  -2.57112017e+00  -5.59068796e+00]
 [  1.35280177e+01  -1.33819045e+00  -6.32552029e+00]
 [  8.77994812e-01   9.42825165e-01  -3.26024349e+00]
 [  7.33011734e+00   5.75488170e-03  -3.57507582e+00]
 [  1.07122399e+01  -2.13154015e-02  -4.38990815e+00]
 [ -4.16495695e-01   3.74591079e+00  -1.59964698e+01]
 [  8.23562684e+00   4.38884051e+00  -1.72413022e+01]
 [  1.94077494e+01   3.09177023e+00  -1.94261345e+01]
 [  1.57772644e+00   6.69278584e+00  -1.43308577e+01]
 [  8.87984897e+00   5.81571556e+00  -1.56256900e+01]
 [  1.47319715e+01   3.11864527e+00  -1.66905224e+01]
 [  1.87194857e+00   8.04966089e+00  -1.32152456e+01]
 [  8.11407110e+00   6.40259060e+00  -1.42900779e+01]
 [  1.03661936e+01   3.91552032e+00  -1.37749102e+01]
 [ -1.87861685e+00   6.41754348e+00  -4.05945599e+00]
 [  1.54664772e+00   1.06677531e+00  -2.96317275e+00]
 [  3.14191230e+00  -4.34399286e+00  -1.47688952e+00]
 [  2.91264188e+00   3.53748265e+00   8.14976044e-01]
 [  5.79790646e+00   5.36714478e-01   1.54125928e+00]
 [  7.71317103e+00  -3.23405369e+00   1.17754252e+00]
 [  6.42390062e+00   1.76742181e+00   6.99940808e+00]
 [  8.63916519e+00  -9.53346356e-01   4.91569132e+00]
 [  1.07244298e+01  -4.25411453e+00   1.38197455e+00]
 [ -3.13247865e+00   1.70300973e+00  -3.28355032e+00]
 [  2.29278592e+00  -1.96775844e+00  -1.02726709e+00]
 [  5.44805049e+00  -6.42852661e+00   2.69016151e-01]
 [  2.37878008e+00  -7.17051108e-01   1.95088171e+00]
 [  6.86404466e+00  -2.84781928e+00   3.23716495e+00]
 [  9.47930923e+00  -6.05858745e+00   2.67344819e+00]
 [  8.47003882e+00  -3.97711194e+00   7.45531375e+00]
 [  9.48530339e+00  -5.82788011e+00   5.62159699e+00]
 [  1.04505680e+01  -8.77864828e+00   2.02788022e+00]
 [ -2.98634046e+00  -2.62152403e+00  -1.68764465e+00]
 [  3.25892412e+00  -4.62229220e+00  -8.01361418e-01]
 [  6.89418869e+00  -8.02306037e+00  -1.74507818e+00]
 [  2.67491828e+00  -3.68158486e+00   2.70678738e+00]
 [  7.52018285e+00  -6.20235303e+00   3.52307062e+00]
 [  1.00454474e+01  -9.77312120e+00   1.80935386e+00]
 [  1.06361770e+01  -7.93164570e+00   5.64121942e+00]
 [  9.88144159e+00  -1.04624139e+01   5.76750265e+00]
 [  9.03670616e+00  -1.32631820e+01   4.26378589e+00]
 [  2.83739390e+00   9.49148942e+00  -9.01611052e+00]
 [ -3.58980625e+00   3.98692734e+00  -7.85510409e+00]
 [ -1.21770064e+01  -7.76347380e-02  -8.05409766e+00]
 [  3.80335803e+00   1.05940923e+01  -4.45251919e+00]
 [ -2.22384212e+00   4.75953023e+00  -4.84151276e+00]
 [ -9.84104226e+00  -8.85031845e-01  -4.86050633e+00]
 [  2.83932216e+00   9.81669521e+00  -2.32892786e+00]
 [ -1.91787798e+00   3.56213313e+00  -4.32792143e+00]
 [ -7.70507813e+00  -3.07242895e+00  -2.91691500e+00]
 [  5.03394702e+00   1.11992352e+01  -1.72110270e+00]
 [ -1.24325313e+00   5.07467310e+00  -1.65009627e+00]
 [ -1.12704533e+01  -6.99888984e-01  -2.59908984e+00]
 [  5.35991115e+00   1.17318381e+01   2.89248863e+00]
 [ -5.47288994e-01   5.38727599e+00   1.79349506e+00]
 [ -9.31448914e+00  -1.57728609e+00   1.96450149e+00]
 [  2.49587528e+00   9.08444096e+00   4.38607996e+00]
 [ -2.81132486e+00   2.94987888e+00   2.46708639e+00]
 [ -8.28852500e+00  -3.98468320e+00   4.04809282e+00]
 [  6.19050014e+00   1.37869809e+01   2.08390511e+00]
 [ -2.56700005e-01   6.94241885e+00   8.14911547e-01]
 [ -1.12539001e+01  -1.13214323e+00   1.38591798e+00]
 [  5.97646427e+00   1.22095838e+01   7.69749645e+00]
 [ -6.10735872e-01   5.45502174e+00   6.26850288e+00]
 [ -9.47793602e+00  -1.54954034e+00   6.99950931e+00]
 [  1.22242841e+00   8.28218672e+00   1.19910878e+01]
 [ -4.28477174e+00   2.90762464e+00   1.03520942e+01]
 [ -7.82197188e+00  -2.69693744e+00   9.63310064e+00]]