27, 8, pa1-debug-e-output.txt
208.97772666,	233.219932037,	161.627244751
393.75840541,	463.721771709,	173.010029782
199.737538203,	212.836478247,	218.497885477
202.868995431,	208.34614895,	343.377951614
206.00045266,	203.855819653,	468.258017752
200.797268448,	337.752211463,	222.962923764
203.928725676,	333.261882166,	347.842989901
207.060182905,	328.771552869,	472.723056038
201.856998693,	462.667944679,	227.427962051
204.988455921,	458.177615382,	352.308028188
208.11991315,	453.687286085,	477.188094325
324.693814346,	211.889621394,	215.330470969
327.825271574,	207.399292097,	340.210537106
330.956728802,	202.9089628,	465.090603244
325.753544591,	336.80535461,	219.795509256
328.885001819,	332.315025313,	344.675575393
332.016459047,	327.824696016,	469.55564153
326.813274836,	461.721087826,	224.260547543
329.944732064,	457.230758529,	349.14061368
333.076189292,	452.740429232,	474.020679817
449.650090488,	210.94276454,	212.163056461
452.781547717,	206.452435244,	337.043122599
455.913004945,	201.962105947,	461.923188736
450.709820733,	335.858497756,	216.628094748
453.841277962,	331.36816846,	341.508160885
456.97273519,	326.877839163,	466.388227023
451.769550978,	460.774230973,	221.093133035
454.901008206,	456.283901676,	345.973199172
458.032465435,	451.793572379,	470.853265309
201.702930291,	205.914293074,	455.539438103
201.118323675,	201.52052627,	580.460825577
200.533717059,	197.126759465,	705.382213051
201.37490521,	330.83667055,	459.931704638
200.790298595,	326.442903746,	584.853092112
200.205691979,	322.049136941,	709.774479586
201.04688013,	455.759048026,	464.323971173
200.462273514,	451.365281222,	589.245358646
199.877666898,	446.971514417,	714.16674612
326.701132816,	206.221569875,	456.135211816
326.1165262,	201.82780307,	581.05659929
325.531919585,	197.434036266,	705.977986763
326.373107736,	331.143947351,	460.52747835
325.78850112,	326.750180546,	585.448865824
325.203894504,	322.356413742,	710.370253298
326.045082656,	456.066324827,	464.919744885
325.46047604,	451.672558022,	589.841132359
324.875869424,	447.278791218,	714.762519832
451.699335342,	206.528846675,	456.730985528
451.114728726,	202.135079871,	581.652373002
450.53012211,	197.741313066,	706.573760476
451.371310262,	331.451224151,	461.123252063
450.786703646,	327.057457347,	586.044639537
450.20209703,	322.663690542,	710.96602701
451.043285182,	456.373601627,	465.515518597
450.458678566,	451.979834823,	590.436906071
449.87407195,	447.586068018,	715.358293545
216.828464061,	447.006779299,	206.571861935
214.651588056,	447.951125645,	331.549337589
212.474712051,	448.895471991,	456.526813243
217.643665935,	572.000659317,	205.641590942
215.46678993,	572.945005662,	330.619066595
213.289913925,	573.889352008,	455.596542249
218.458867808,	696.994539334,	204.711319948
216.281991804,	697.93888568,	329.688795602
214.105115799,	698.883232025,	454.666271256
341.806848819,	446.207924997,	208.754790023
339.629972814,	447.152271343,	333.732265677
337.45309681,	448.096617689,	458.709741331
342.622050693,	571.201805015,	207.82451903
340.445174688,	572.14615136,	332.801994684
338.268298683,	573.090497706,	457.779470338
343.437252567,	696.195685032,	206.894248037
341.260376562,	697.140031378,	331.871723691
339.083500557,	698.084377723,	456.849199344
466.785233577,	445.409070696,	210.937718112
464.608357572,	446.353417041,	335.915193766
462.431481568,	447.297763387,	460.892669419
467.600435451,	570.402950713,	210.007447118
465.423559446,	571.347297059,	334.984922772
463.246683442,	572.291643404,	459.962398426
468.415637325,	695.39683073,	209.077176125
466.23876132,	696.341177076,	334.054651779
464.061885316,	697.285523421,	459.032127433
200.320527796,	452.73784092,	455.791406476
203.284135863,	451.833748055,	580.752999148
206.247743929,	450.929655191,	705.714591821
202.380013315,	577.717946689,	456.646790211
205.343621381,	576.813853824,	581.608382884
208.307229447,	575.90976096,	706.569975557
204.439498833,	702.698052458,	457.502173947
207.4031069,	701.793959594,	582.463766619
210.366714966,	700.889866729,	707.425359292
325.268419122,	450.699268373,	452.81337435
328.232027188,	449.795175509,	577.774967022
331.195635254,	448.891082644,	702.736559695
327.32790464,	575.679374142,	453.668758085
330.291512706,	574.775281278,	578.630350758
333.255120773,	573.871188413,	703.591943431
329.387390159,	700.659479911,	454.524141821
332.350998225,	699.755387047,	579.485734493
335.314606291,	698.851294182,	704.447327166
450.216310447,	448.660695826,	449.835342224
453.179918513,	447.756602962,	574.796934896
456.14352658,	446.852510097,	699.758527569
452.275795965,	573.640801595,	450.690725959
455.239404032,	572.736708731,	575.652318632
458.203012098,	571.832615867,	700.613911305
454.335281484,	698.620907365,	451.546109695
457.29888955,	697.7168145,	576.507702367
460.262497616,	696.812721636,	701.46929504
449.711116295,	211.992278427,	208.463395716
452.844513936,	214.640040589,	333.39606228
455.977911576,	217.287802751,	458.328728844
446.5850432,	336.92676473,	205.893999062
449.718440841,	339.574526892,	330.826665626
452.851838482,	342.222289054,	455.75933219
443.458970105,	461.861251034,	203.324602407
446.592367746,	464.509013196,	328.257268971
449.725765387,	467.156775358,	453.189935535
574.632729662,	215.052260077,	205.265423535
577.766127303,	217.700022239,	330.198090099
580.899524944,	220.347784401,	455.130756663
571.506656567,	339.98674638,	202.69602688
574.640054208,	342.634508542,	327.628693444
577.773451849,	345.282270704,	452.561360008
568.380583473,	464.921232683,	200.126630226
571.513981113,	467.568994845,	325.05929679
574.647378754,	470.216757007,	449.991963354
699.554343029,	218.112241726,	202.067451353
702.68774067,	220.760003888,	327.000117917
705.821138311,	223.40776605,	451.932784481
696.428269934,	343.046728029,	199.498054699
699.561667575,	345.694490191,	324.430721263
702.695065216,	348.342252353,	449.363387827
693.30219684,	467.981214333,	196.928658044
696.43559448,	470.628976495,	321.861324608
699.568992121,	473.276738657,	446.793991172
442.979824746,	223.484456828,	444.104914087
438.399384753,	221.623524214,	569.007101815
433.818944759,	219.7625916,	693.909289544
441.247762643,	348.459515778,	445.903413863
436.667322649,	346.598583164,	570.805601591
432.086882655,	344.73765055,	695.707789319
439.51570054,	473.434574727,	447.701913638
434.935260546,	471.573642113,	572.604101366
430.354820552,	469.712709499,	697.506289094
567.883866035,	225.149260234,	448.71022616
563.303426042,	223.28832762,	573.612413888
558.722986048,	221.427395006,	698.514601616
566.151803932,	350.124319183,	450.508725936
561.571363938,	348.263386569,	575.410913664
556.990923944,	346.402453956,	700.313101392
564.419741829,	475.099378133,	452.307225711
559.839301835,	473.238445519,	577.209413439
555.258861841,	471.377512905,	702.111601167
692.787907325,	226.814063639,	453.315538233
688.207467331,	224.953131025,	578.217725961
683.627027337,	223.092198412,	703.119913689
691.055845221,	351.789122589,	455.114038008
686.475405227,	349.928189975,	580.016225736
681.894965234,	348.067257361,	704.918413465
689.323783118,	476.764181538,	456.912537784
684.743343124,	474.903248924,	581.814725512
680.16290313,	473.042316311,	706.71691324
447.619700299,	449.490265097,	214.470103135
448.439750562,	447.983625865,	339.458332804
449.259800825,	446.476986633,	464.446562473
448.28891167,	574.479446113,	215.972363126
449.108961933,	572.972806881,	340.960592795
449.929012196,	571.466167649,	465.948822464
448.958123042,	699.46862713,	217.474623116
449.778173304,	697.961987898,	342.462852785
450.598223567,	696.455348666,	467.451082454
572.615218914,	448.830972171,	213.642057768
573.435269177,	447.324332939,	338.630287437
574.255319439,	445.817693707,	463.618517106
573.284430285,	573.820153187,	215.144317759
574.104480548,	572.313513955,	340.132547428
574.924530811,	570.806874723,	465.120777097
573.953641656,	698.809334203,	216.646577749
574.773691919,	697.302694971,	341.634807418
575.593742182,	695.796055739,	466.623037087
697.610737528,	448.171679244,	212.814012401
698.430787791,	446.665040012,	337.80224207
699.250838054,	445.15840078,	462.790471739
698.279948899,	573.16086026,	214.316272392
699.099999162,	571.654221028,	339.304502061
699.920049425,	570.147581796,	464.29273173
698.949160271,	698.150041276,	215.818532383
699.769210533,	696.643402044,	340.806762052
700.589260796,	695.136762812,	465.794991721
452.277486362,	454.980090369,	441.526525093
449.538008408,	454.474912317,	566.495481461
446.798530454,	453.969734266,	691.464437829
454.545663004,	579.958278146,	442.081461769
451.80618505,	579.453100094,	567.050418137
449.066707096,	578.947922043,	692.019374505
456.813839646,	704.936465923,	442.636398445
454.074361692,	704.431287871,	567.605354813
451.334883738,	703.92610982,	692.574311181
577.226878658,	452.700315132,	444.256358349
574.487400705,	452.195137081,	569.225314717
571.747922751,	451.689959029,	694.194271085
579.4950553,	577.678502909,	444.811295025
576.755577347,	577.173324857,	569.780251393
574.016099393,	576.668146806,	694.749207761
581.763231942,	702.656690686,	445.366231702
579.023753988,	702.151512634,	570.33518807
576.284276035,	701.646334583,	695.304144437
702.176270955,	450.420539895,	446.986191606
699.436793001,	449.915361844,	571.955147974
696.697315047,	449.410183792,	696.924104341
704.444447597,	575.398727672,	447.541128282
701.704969643,	574.893549621,	572.51008465
698.965491689,	574.388371569,	697.479041018
706.712624239,	700.376915449,	448.096064958
703.973146285,	699.871737398,	573.065021326
701.233668331,	699.366559346,	698.033977694
