Differences in C_i and C_i expected
[[  1.53833741e+00   5.24388783e-01  -1.63398165e+00]
 [  8.65169243e-01  -1.22828976e+00  -1.92350139e+00]
 [  1.29200108e+00  -1.95096831e+00  -1.31302114e+00]
 [  7.20853907e-01   1.71033051e-02  -7.35261296e-01]
 [  3.67685742e-01  -1.49557524e+00  -5.84781041e-01]
 [ -6.05482423e-01  -1.89825379e+00  -6.14300785e-01]
 [ -9.56629593e-01  -8.01821732e-02   4.93459056e-01]
 [ -6.89797758e-01  -1.50286072e+00   1.32393931e+00]
 [ -9.12965923e-01  -1.84553927e+00   6.14419567e-01]
 [  1.58565167e+00   1.35121403e+00  -8.86700608e-01]
 [  8.22483501e-01  -2.81464522e-01  -7.96220353e-01]
 [  1.09931534e+00  -9.64143070e-01  -7.45740097e-01]
 [  4.48168165e-01   1.33392855e+00   1.62019745e-01]
 [ -3.25000000e-01  -2.28750000e-01   1.22500000e-01]
 [ -1.08168165e-01  -1.18142855e+00   1.32980255e-01]
 [ -1.25931534e+00   1.29664307e+00   8.90740097e-01]
 [ -1.38248350e+00  -4.76035478e-01   1.65122035e+00]
 [ -1.51565167e+00  -1.55871403e+00   7.21700608e-01]
 [  1.10296592e+00   2.01803927e+00  -1.26941957e+00]
 [  8.59797758e-01   7.75360721e-01  -4.28939312e-01]
 [  6.36629593e-01  -3.47317827e-01  -4.38459056e-01]
 [ -4.51757707e-03   2.65075379e+00   7.79300785e-01]
 [  6.23142579e-02   9.58075243e-01   6.69781041e-01]
 [ -5.70853907e-01   1.95396695e-01   5.70261296e-01]
 [ -7.92001078e-01   2.03346831e+00   1.86802114e+00]
 [ -1.40516924e+00   1.61078976e+00   1.23850139e+00]
 [ -1.52833741e+00  -9.18887834e-02   9.88981649e-01]
 [ -8.52943915e-01  -2.48652902e+00   3.15667782e+00]
 [  1.27952967e+00  -2.15661271e+00   3.70168905e+00]
 [  3.32200325e+00  -5.16696404e-01   2.96670029e+00]
 [ -2.61814497e+00  -2.71982191e+00   2.00744549e+00]
 [  2.24328616e-01  -1.71990560e+00   1.67245672e+00]
 [  2.15680220e+00  -1.04998929e+00   2.32746795e+00]
 [ -3.83334602e+00  -2.84311480e+00   1.08821316e+00]
 [ -1.23087244e+00  -1.68319849e+00   1.40322439e+00]
 [  5.61601146e-01  -2.03282182e-01   1.22823562e+00]
 [ -4.94772531e-01  -1.40412342e+00   1.18172110e+00]
 [  2.11770105e+00   1.05792889e-01   8.26732332e-01]
 [  3.59017464e+00   1.15570920e+00   9.31743563e-01]
 [ -2.52997358e+00  -9.07416310e-01  -1.87511231e-01]
 [ -2.17500000e-01  -3.47500000e-01   3.97500000e-01]
 [  1.95497358e+00   1.10241631e+00   2.62511231e-01]
 [ -4.15517464e+00  -1.48070920e+00  -1.61674356e+00]
 [ -1.36270105e+00   4.19207111e-01  -1.10173233e+00]
 [  7.39772531e-01   1.26912342e+00  -1.49672110e+00]
 [ -1.16601146e-01   8.98282182e-01  -1.39323562e+00]
 [  1.37587244e+00   2.01819849e+00  -1.50822439e+00]
 [  4.19834602e+00   2.49811480e+00  -9.03213160e-01]
 [ -2.27180220e+00   9.94989293e-01  -2.46246795e+00]
 [  8.06713843e-02   1.35490560e+00  -1.78745672e+00]
 [  1.70314497e+00   2.99482191e+00  -2.10244549e+00]
 [ -4.26700325e+00   1.81696404e-01  -3.37170029e+00]
 [ -1.20452967e+00   1.87161271e+00  -3.06668905e+00]
 [  8.57943915e-01   2.71152902e+00  -3.29167782e+00]
 [ -7.24330277e-01  -3.67109333e+00   4.79584434e+00]
 [  3.58863332e-03  -3.74597395e-01   4.32808309e+00]
 [  1.37150754e+00   3.19189854e+00   4.88032183e+00]
 [ -6.48624403e-01  -4.08672536e+00   5.97623502e-01]
 [  2.69294507e-01   1.97705680e-02   3.59862249e-01]
 [  6.07213417e-01   3.25626650e+00   3.42100995e-01]
 [ -7.52918530e-01  -3.93235740e+00  -2.76059733e+00]
 [  1.85000380e-01   9.41385310e-02  -2.89835859e+00]
 [  6.62919290e-01   3.40063446e+00  -2.80611984e+00]
 [ -7.83624783e-01  -3.51461390e+00   4.08348209e+00]
 [  6.54294127e-01   2.71882037e-01   4.12572084e+00]
 [  7.92213037e-01   3.49837797e+00   4.07795958e+00]
 [ -8.97918910e-01  -3.35024593e+00   2.05261253e-01]
 [ -2.40000000e-01   1.96250000e-01  -5.25000000e-02]
 [  3.77918910e-01   3.54274593e+00  -4.10261253e-01]
 [ -7.92213037e-01  -4.18587797e+00  -3.68295958e+00]
 [  5.70587331e-03   2.40617963e-01  -3.30072084e+00]
 [  1.43624783e-01   3.31711390e+00  -3.58848209e+00]
 [ -1.05291929e+00  -3.26813446e+00   3.32111984e+00]
 [  4.99962005e-03   2.68361469e-01   3.48335859e+00]
 [  1.13291853e+00   3.90485740e+00   2.80559733e+00]
 [ -4.47213417e-01  -3.80376650e+00  -2.27100995e-01]
 [  2.90705493e-01  -2.47270568e-01  -1.07486225e+00]
 [  3.18624403e-01   4.07922536e+00  -7.62623502e-01]
 [ -5.81507543e-01  -4.02939854e+00  -4.13532183e+00]
 [ -7.03588633e-01   1.47097395e-01  -4.07308309e+00]
 [  2.54330277e-01   4.33359333e+00  -4.50084434e+00]
 [ -2.47456566e+00  -1.65882959e+00   3.69949364e+00]
 [  8.25299441e-01  -8.15916135e-01   4.32918109e+00]
 [  4.47516454e+00  -8.53002680e-01   3.68886854e+00]
 [ -3.46810945e+00  -2.00927514e+00   3.40455584e+00]
 [ -7.82443472e-02  -8.26361680e-01   3.44424329e+00]
 [  3.32162075e+00  -8.43448226e-01   3.06393074e+00]
 [ -4.64165323e+00  -1.93972068e+00   3.45961803e+00]
 [ -7.91788135e-01  -1.22680723e+00   3.46930548e+00]
 [  2.52807696e+00  -5.73893771e-01   3.43899293e+00]
 [ -2.65507131e+00  -3.06217910e-01   1.22750354e-01]
 [  7.54793788e-01  -5.33044548e-02   1.22437804e-01]
 [  4.25465889e+00   9.69609000e-01   1.32125254e-01]
 [ -3.25861510e+00  -8.86663455e-01   3.77812550e-01]
 [  3.81250000e-01   2.56250000e-01  -2.62500000e-01]
 [  3.19111510e+00   3.09163455e-01  -1.82812550e-01]
 [ -5.16215889e+00  -4.17109000e-01  -2.67125254e-01]
 [ -1.04229379e+00  -4.24195545e-01  -2.37437804e-01]
 [  2.18757131e+00   8.58717910e-01  -5.17750354e-01]
 [ -2.48557696e+00   4.06393771e-01  -3.38399293e+00]
 [  8.04288135e-01   1.72930723e+00  -3.29430548e+00]
 [  4.59415323e+00   1.40222068e+00  -2.91461803e+00]
 [ -3.81912075e+00   4.75948226e-01  -3.36893074e+00]
 [ -4.09255653e-01   1.31886168e+00  -3.43924329e+00]
 [  3.89060945e+00   1.34177514e+00  -3.20955584e+00]
 [ -5.13266454e+00   8.85502680e-01  -3.58386854e+00]
 [ -1.28279944e+00   1.40841614e+00  -3.64418109e+00]
 [  2.04706566e+00   2.25132959e+00  -4.07449364e+00]
 [  1.55239247e+00  -2.24275853e+00   1.73791196e+00]
 [  2.43527695e+00  -2.59878577e+00   1.96546873e+00]
 [  4.80816143e+00  -3.15481301e+00   1.57302550e+00]
 [ -1.41666541e+00  -2.87101124e+00   2.00316292e+00]
 [ -4.23780923e-01  -3.21703848e+00   1.98071970e+00]
 [  1.38910356e+00  -3.32306572e+00   1.81827647e+00]
 [ -4.77572328e+00  -2.22926395e+00   2.71841389e+00]
 [ -2.43283880e+00  -3.16529119e+00   2.40597066e+00]
 [ -1.01995432e+00  -3.19131843e+00   2.42352743e+00]
 [  6.74923392e-01   1.78029950e-01  -4.01557734e-01]
 [  2.91780787e+00  -7.99728952e-03  -5.24000963e-01]
 [  5.07069236e+00  -5.34024529e-01  -8.66444192e-01]
 [ -2.02413448e+00   2.49777239e-01   2.53693229e-01]
 [ -9.12500000e-02   3.33750000e-01   3.21250000e-01]
 [  2.03163448e+00  -5.02277239e-01  -3.51193229e-01]
 [ -4.25319236e+00   2.11524529e-01   1.58944192e-01]
 [ -3.03030787e+00   6.54972895e-02  -1.43499037e-01]
 [ -1.06742339e+00  -2.60529950e-01   5.14057734e-01]
 [  8.87454315e-01   3.36881843e+00  -2.08102743e+00]
 [  3.29033880e+00   3.21279119e+00  -2.35347066e+00]
 [  5.08322328e+00   2.71676395e+00  -2.67591389e+00]
 [ -1.75160356e+00   2.82056572e+00  -1.70577647e+00]
 [  2.81280923e-01   2.92453848e+00  -1.76821970e+00]
 [  2.05416541e+00   2.75851124e+00  -1.96066292e+00]
 [ -4.70066143e+00   3.39231301e+00  -1.41052550e+00]
 [ -3.21777695e+00   2.54628577e+00  -1.63296873e+00]
 [ -1.17489247e+00   2.41025853e+00  -1.19541196e+00]
 [  6.39548892e+00  -5.46474204e+00  -3.46893020e-01]
 [  4.44002642e+00  -4.37189374e+00  -5.83773603e-01]
 [  3.13456392e+00  -3.58904544e+00  -7.10654185e-01]
 [  1.83221469e+00  -5.52532631e+00  -1.49422842e+00]
 [  1.56752190e-01  -4.88247801e+00  -1.97110900e+00]
 [ -2.23871031e+00  -3.69962971e+00  -2.36798958e+00]
 [ -2.98105954e+00  -5.55591058e+00  -3.14156381e+00]
 [ -4.24652204e+00  -4.87306228e+00  -3.03844440e+00]
 [ -6.33198454e+00  -3.65021399e+00  -3.19532498e+00]
 [  6.47373673e+00  -1.36851403e+00   1.21796598e+00]
 [  4.16827423e+00  -3.25665729e-01   1.39108540e+00]
 [  2.66281173e+00   8.17182568e-01   1.42420481e+00]
 [  1.88046250e+00  -1.25909830e+00   2.10630583e-01]
 [  2.55000000e-01   1.83750000e-01  -1.96250000e-01]
 [ -2.15046250e+00   1.39659830e+00  -1.13130583e-01]
 [ -2.24281173e+00  -1.14968257e+00  -1.50670481e+00]
 [ -4.27827423e+00  -2.06834271e-01  -8.23585397e-01]
 [ -6.47373673e+00   8.16014027e-01  -1.15046598e+00]
 [  6.25198454e+00   3.55771399e+00   3.14282498e+00]
 [  4.39652204e+00   4.95056228e+00   3.27594440e+00]
 [  2.75105954e+00   5.97341058e+00   2.81906381e+00]
 [  1.30871031e+00   3.13712971e+00   2.03548958e+00]
 [ -4.36752190e-01   4.30997801e+00   1.98860900e+00]
 [ -2.02221469e+00   5.88282631e+00   1.73172842e+00]
 [ -2.44456392e+00   2.96654544e+00   4.48154185e-01]
 [ -4.13002642e+00   4.47939374e+00   9.31273603e-01]
 [ -5.96548892e+00   5.93224204e+00   8.84393020e-01]
 [ -5.68259545e+00   6.04823336e+00  -1.07982190e+00]
 [ -5.04820388e+00   5.32374966e+00  -1.16649079e+00]
 [ -5.44381232e+00   4.69926596e+00  -1.19315967e+00]
 [  1.02346692e-02   6.46370359e+00  -2.05758092e-01]
 [ -4.75373766e-01   5.64921989e+00  -1.62426978e-01]
 [ -2.00982201e-01   5.26473619e+00  -2.09095863e-01]
 [  6.07306479e+00   6.42917382e+00   5.98305719e-01]
 [  5.48745635e+00   5.47469012e+00   8.81636833e-01]
 [  5.34184792e+00   5.31020642e+00   2.84967948e-01]
 [ -5.03222168e+00   2.29013470e-01  -2.78644926e-01]
 [ -6.02783012e+00  -3.05470232e-01  -8.45313811e-01]
 [ -6.03343855e+00  -3.69953933e-01  -7.81982697e-01]
 [  1.10608435e-01   9.44483701e-01  -2.24581114e-01]
 [  3.45000000e-01   2.30000000e-01  -1.61250000e-01]
 [ -5.80608435e-01  -9.84483701e-01  -4.47918886e-01]
 [  5.54343855e+00   5.89953933e-01   4.19482697e-01]
 [  5.15783012e+00   4.55470232e-01   2.32813811e-01]
 [  5.25222168e+00  -1.89013470e-01   1.96144926e-01]
 [ -5.67184792e+00  -4.61020642e+00  -3.17467948e-01]
 [ -5.89745635e+00  -5.80469012e+00  -6.44136833e-01]
 [ -5.99306479e+00  -6.31917382e+00  -7.10805719e-01]
 [  1.20982201e-01  -4.75473619e+00   1.56595863e-01]
 [ -1.74626234e-01  -5.32921989e+00  -9.00730222e-02]
 [ -7.80234669e-01  -6.61370359e+00   3.43258092e-01]
 [  5.95381232e+00  -5.44926596e+00   7.80659675e-01]
 [  5.59820388e+00  -5.94374966e+00   7.83990789e-01]
 [  5.25259545e+00  -6.29823336e+00   4.27321904e-01]
 [ -2.18138933e+00  -3.44188599e+00   5.25739735e+00]
 [ -1.31301833e+00   7.18556405e-01   5.16012105e+00]
 [  2.45352663e-01   4.89899880e+00   5.01284476e+00]
 [ -1.40088111e+00  -3.12414343e+00   1.40369401e+00]
 [  1.17489888e-01   8.46298973e-01   8.86417712e-01]
 [  1.42586089e+00   5.00674137e+00   5.09141416e-01]
 [  3.89627113e-01  -3.45640086e+00  -3.29000933e+00]
 [  8.67998111e-01   1.20404154e+00  -3.23728563e+00]
 [  2.38636911e+00   5.64448394e+00  -3.39456192e+00]
 [ -1.71137922e+00  -3.95693497e+00   3.75097964e+00]
 [ -9.13008223e-01   1.93507431e-01   4.65370334e+00]
 [  1.75362775e-01   3.74394983e+00   4.03642704e+00]
 [ -1.04087100e+00  -3.65919240e+00  -4.22723704e-01]
 [ -3.12500000e-01   3.51250000e-01   5.00000000e-02]
 [  5.55870998e-01   3.97169240e+00   1.22723704e-01]
 [ -1.20362775e-01  -3.89144983e+00  -4.51642704e+00]
 [  1.35800822e+00  -3.61007431e-01  -4.51370334e+00]
 [  1.86637922e+00   3.96943497e+00  -4.15097964e+00]
 [ -1.67136911e+00  -4.84198394e+00   3.45456192e+00]
 [ -1.22299811e+00  -1.52154154e+00   3.51728563e+00]
 [ -2.24627113e-01   3.09890086e+00   3.51000933e+00]
 [ -1.39086089e+00  -5.40424137e+00  -5.59141416e-01]
 [ -3.02489888e-01  -1.56379897e+00  -1.20641771e+00]
 [  7.55881110e-01   3.08664343e+00  -1.00369401e+00]
 [ -2.10352663e-01  -5.24649880e+00  -5.29284476e+00]
 [  9.38018335e-01  -6.46056405e-01  -5.35012105e+00]
 [  2.33638933e+00   3.05438599e+00  -4.71739735e+00]]