Differences in C_i and C_i expected
average differences - x: 0.000532407407391 	y: -0.000156249999985 	z: 9.83796295809e-05
[[  3.98493108e-01  -3.25917719e+00   2.85196922e+00]
 [  1.73487918e+00  -1.73071363e+00   2.84466859e+00]
 [  3.07126525e+00  -2.02250064e-01   2.82736796e+00]
 [ -1.33384043e+00  -3.24153533e+00   1.33174688e+00]
 [  2.54563779e-03  -1.71307177e+00   1.32444625e+00]
 [  1.32893171e+00  -1.94608207e-01   1.30714562e+00]
 [ -3.06617397e+00  -3.23389347e+00  -1.78475464e-01]
 [ -1.72978790e+00  -1.70542991e+00  -1.95776093e-01]
 [ -4.03401833e-01  -1.76966350e-01  -2.13076722e-01]
 [  4.03447471e-01  -1.53860542e+00   1.53627297e+00]
 [  1.72983354e+00  -1.01418574e-02   1.51897234e+00]
 [  3.06621961e+00   1.50832171e+00   1.50167171e+00]
 [ -1.33888607e+00  -1.52096356e+00   1.60506292e-02]
 [ -2.50000000e-03  -2.50000000e-03  -1.25000000e-03]
 [  1.33388607e+00   1.52596356e+00  -8.55062918e-03]
 [ -3.07121961e+00  -1.51332171e+00  -1.50417171e+00]
 [ -1.73483354e+00   1.51418574e-02  -1.52147234e+00]
 [ -3.98447471e-01   1.54360542e+00  -1.52877297e+00]
 [  3.98401833e-01   1.81966350e-01   2.10576722e-01]
 [  1.73478790e+00   1.71042991e+00   1.93276093e-01]
 [  3.07117397e+00   3.22889347e+00   1.85975464e-01]
 [ -1.33393171e+00   1.89608207e-01  -1.30964562e+00]
 [  2.45436221e-03   1.71807177e+00  -1.31694625e+00]
 [  1.32884043e+00   3.24653533e+00  -1.33424688e+00]
 [ -3.06626525e+00   2.07250064e-01  -2.82986796e+00]
 [ -1.72987918e+00   1.73571363e+00  -2.83716859e+00]
 [ -4.03493108e-01   3.25417719e+00  -2.85446922e+00]
 [ -7.13179199e-01   1.95278816e+00  -1.27057914e+00]
 [  2.51302657e+00  -2.58758796e+00  -1.28962256e+00]
 [  5.73923233e+00  -7.11796408e+00  -1.29866598e+00]
 [ -3.17971477e+00   2.01813893e+00   3.29636325e+00]
 [  4.64909989e-02  -2.52223719e+00   3.27731983e+00]
 [  3.27269677e+00  -7.05261332e+00   3.25827641e+00]
 [ -5.64625034e+00   2.07348970e+00   7.85330564e+00]
 [ -2.42004457e+00  -2.45688643e+00   7.84426222e+00]
 [  8.06161197e-01  -6.99726255e+00   7.82521880e+00]
 [ -7.59670198e-01   4.47002535e+00  -4.55289897e+00]
 [  2.46653557e+00  -6.03507683e-02  -4.56194239e+00]
 [  5.69274133e+00  -4.60072689e+00  -4.58098581e+00]
 [ -3.22620577e+00   4.53537612e+00   1.40434214e-02]
 [  5.68434189e-14  -5.00000000e-03  -5.00000000e-03]
 [  3.22620577e+00  -4.53537612e+00  -1.40434214e-02]
 [ -5.69274133e+00   4.60072689e+00   4.58098581e+00]
 [ -2.46653557e+00   6.03507683e-02   4.56194239e+00]
 [  7.59670198e-01  -4.47002535e+00   4.55289897e+00]
 [ -8.06161197e-01   6.99726255e+00  -7.82521880e+00]
 [  2.42004457e+00   2.45688643e+00  -7.84426222e+00]
 [  5.64625034e+00  -2.07348970e+00  -7.85330564e+00]
 [ -3.27269677e+00   7.05261332e+00  -3.26827641e+00]
 [ -4.64909989e-02   2.52223719e+00  -3.27731983e+00]
 [  3.17971477e+00  -2.01813893e+00  -3.29636325e+00]
 [ -5.73923233e+00   7.11796408e+00   1.29866598e+00]
 [ -2.51302657e+00   2.58758796e+00   1.28962256e+00]
 [  7.13179199e-01  -1.95278816e+00   1.27057914e+00]
 [ -1.89108033e+00   7.99772423e+00  -6.13786667e+00]
 [ -2.40784679e+00   2.40247147e+00  -6.16420947e+00]
 [ -2.93461325e+00  -3.19278130e+00  -6.19055227e+00]
 [  4.92198997e-01   8.00286345e+00  -5.43410503e-01]
 [ -2.45674608e-02   2.40761068e+00  -5.69753302e-01]
 [ -5.41333919e-01  -3.19764208e+00  -5.96096102e-01]
 [  2.88547833e+00   8.00800266e+00   5.05104567e+00]
 [  2.35871187e+00   2.40274990e+00   5.03470287e+00]
 [  1.84194541e+00  -3.19250286e+00   5.00836007e+00]
 [ -1.86276287e+00   5.59761354e+00  -5.57686337e+00]
 [ -2.38952933e+00   2.36078137e-03  -5.60320617e+00]
 [ -2.90629579e+00  -5.60289198e+00  -5.61954897e+00]
 [  5.20516458e-01   5.59275276e+00   2.75927996e-02]
 [  3.75000000e-03  -2.50000000e-03   1.25000000e-03]
 [ -5.23016458e-01  -5.59775276e+00  -2.50927996e-02]
 [  2.90379579e+00   5.59789198e+00   5.62204897e+00]
 [  2.38702933e+00   2.63921863e-03   5.59570617e+00]
 [  1.87026287e+00  -5.60261354e+00   5.56936337e+00]
 [ -1.84444541e+00   3.18750286e+00  -5.00586007e+00]
 [ -2.36121187e+00  -2.40774990e+00  -5.03220287e+00]
 [ -2.87797833e+00  -8.00300266e+00  -5.05854567e+00]
 [  5.48833919e-01   3.19264208e+00   5.98596102e-01]
 [  2.20674608e-02  -2.40261068e+00   5.72253302e-01]
 [ -4.94698997e-01  -8.00786345e+00   5.45910503e-01]
 [  2.93211325e+00   3.19778130e+00   6.19305227e+00]
 [  2.41534679e+00  -2.40747147e+00   6.16670947e+00]
 [  1.88858033e+00  -8.00272423e+00   6.14036667e+00]
 [ -4.33242220e+00  -9.61477318e-01   5.29382887e+00]
 [  1.49606459e+00  -1.53954699e+00   5.28363514e+00]
 [  7.32455137e+00  -2.10761666e+00   5.27344141e+00]
 [ -5.82880801e+00  -9.54494574e-01   5.83231259e+00]
 [ -3.21221061e-04  -1.53256424e+00   5.82211886e+00]
 [  5.82816557e+00  -2.10063391e+00   5.81192513e+00]
 [ -7.32519382e+00  -9.47511829e-01   6.37079630e+00]
 [ -1.49670703e+00  -1.52558150e+00   6.36060257e+00]
 [  4.32177976e+00  -2.09365117e+00   6.36040884e+00]
 [ -4.32960098e+00   5.66086926e-01  -5.34539985e-01]
 [  1.49888581e+00  -1.19827446e-02  -5.44733714e-01]
 [  7.32737260e+00  -5.80052415e-01  -5.44927443e-01]
 [ -5.82598679e+00   5.73069670e-01   1.39437287e-02]
 [  2.50000000e-03  -5.00000000e-03   3.75000000e-03]
 [  5.83098679e+00  -5.73069670e-01  -6.44372873e-03]
 [ -7.32237260e+00   5.80052415e-01   5.52427443e-01]
 [ -1.49388581e+00   1.98274462e-03   5.42233714e-01]
 [  4.32460098e+00  -5.66086926e-01   5.32039985e-01]
 [ -4.32677976e+00   2.09365117e+00  -6.35290884e+00]
 [  1.50170703e+00   1.51558150e+00  -6.36310257e+00]
 [  7.33019382e+00   9.47511829e-01  -6.37329630e+00]
 [ -5.82316557e+00   2.10063391e+00  -5.81442513e+00]
 [  5.32122106e-03   1.52256424e+00  -5.82461886e+00]
 [  5.83380801e+00   9.54494574e-01  -5.83481259e+00]
 [ -7.31955137e+00   2.10761666e+00  -5.27594141e+00]
 [ -1.49106459e+00   1.52954699e+00  -5.28613514e+00]
 [  4.32742220e+00   9.61477318e-01  -5.29632887e+00]
 [ -3.27288203e+00   6.48216591e-01   2.56946473e+00]
 [ -2.09493392e-01   1.13082453e-01   2.56673578e+00]
 [  2.86389525e+00  -4.12051684e-01   2.56400683e+00]
 [ -3.07945180e+00   6.24556313e-01   3.07822977e+00]
 [ -1.60631643e-02   9.94221756e-02   3.07550081e+00]
 [  3.05732548e+00  -4.35711962e-01   3.08277186e+00]
 [ -2.89602158e+00   6.10896035e-01   3.58699480e+00]
 [  1.77367064e-01   7.57618979e-02   3.58426585e+00]
 [  3.24075570e+00  -4.49372239e-01   3.59153689e+00]
 [ -3.25931887e+00   5.42544415e-01  -5.06036080e-01]
 [ -1.85930228e-01   1.74102778e-02  -5.08765033e-01]
 [  2.87745841e+00  -5.17723859e-01  -5.11493986e-01]
 [ -3.06588864e+00   5.28884137e-01   2.72895330e-03]
 [ -2.50000000e-03   3.75000000e-03   5.68434189e-14]
 [  3.07088864e+00  -5.31384137e-01  -2.72895330e-03]
 [ -2.87245841e+00   5.15223859e-01   5.11493986e-01]
 [  1.90930228e-01  -1.99102778e-02   5.08765033e-01]
 [  3.26431887e+00  -5.45044415e-01   5.16036080e-01]
 [ -3.24575570e+00   4.46872239e-01  -3.59153689e+00]
 [ -1.72367064e-01  -7.82618979e-02  -3.58426585e+00]
 [  2.89102158e+00  -6.13396035e-01  -3.58699480e+00]
 [ -3.05232548e+00   4.33211962e-01  -3.07277186e+00]
 [  2.10631643e-02  -1.01922176e-01  -3.07550081e+00]
 [  3.08445180e+00  -6.27056313e-01  -3.07822977e+00]
 [ -2.85889525e+00   4.19551684e-01  -2.56400683e+00]
 [  2.04493392e-01  -1.15582453e-01  -2.56673578e+00]
 [  3.27788203e+00  -6.50716591e-01  -2.56946473e+00]
 [  2.00244175e+00  -1.51937083e+00  -4.89953338e-01]
 [  1.91902338e+00  -1.92681685e+00  -5.02934472e-01]
 [  1.83560502e+00  -2.32426287e+00  -5.05915605e-01]
 [  7.32269462e-02  -1.52222211e+00  -1.16943341e-01]
 [ -1.01914210e-02  -1.91966813e+00  -1.19924474e-01]
 [ -9.36097881e-02  -2.32711415e+00  -1.32905608e-01]
 [ -1.85598786e+00  -1.51507340e+00   2.66066657e-01]
 [ -1.93940622e+00  -1.92251941e+00   2.53085523e-01]
 [ -2.01282459e+00  -2.31996543e+00   2.50104390e-01]
 [  2.01138317e+00   4.02797298e-01  -3.68778864e-01]
 [  1.92796480e+00  -4.64871869e-03  -3.81759998e-01]
 [  1.84454644e+00  -4.02094735e-01  -3.84741131e-01]
 [  8.21683671e-02   3.99946017e-01   4.23113356e-03]
 [ -1.25000000e-03   2.50000000e-03   1.25000000e-03]
 [ -8.46683671e-02  -4.04946017e-01  -1.17311336e-02]
 [ -1.84704644e+00   4.07094735e-01   3.87241131e-01]
 [ -1.93046480e+00  -3.51281314e-04   3.74259998e-01]
 [ -2.01388317e+00  -3.97797298e-01   3.71278864e-01]
 [  2.02032459e+00   2.32496543e+00  -2.47604390e-01]
 [  1.93690622e+00   1.91751941e+00  -2.60585523e-01]
 [  1.85348786e+00   1.52007340e+00  -2.73566657e-01]
 [  9.11097881e-02   2.32211415e+00   1.25405608e-01]
 [  7.69142095e-03   1.92466813e+00   1.22424474e-01]
 [ -7.57269462e-02   1.51722211e+00   1.09443341e-01]
 [ -1.83810502e+00   2.31926287e+00   5.08415605e-01]
 [ -1.92152338e+00   1.92181685e+00   4.95434472e-01]
 [ -2.00494175e+00   1.51437083e+00   4.92453338e-01]
 [ -6.29193002e+00   4.44326695e+00   1.84018358e+00]
 [ -2.26082286e+00   2.23981397e+00   1.83447638e+00]
 [  1.78028430e+00   3.63609939e-02   1.83876919e+00]
 [ -4.05165111e+00   4.42356552e+00   4.05048711e+00]
 [ -1.05439554e-02   2.22011254e+00   4.05477991e+00]
 [  4.02056320e+00   1.66595608e-02   4.04907271e+00]
 [ -1.81137221e+00   4.41386408e+00   6.26079064e+00]
 [  2.22973495e+00   2.21041111e+00   6.26508344e+00]
 [  6.26084211e+00   6.95812776e-03   6.25937624e+00]
 [ -6.27638606e+00   2.21815441e+00  -2.20709633e+00]
 [ -2.24527890e+00   1.47014331e-02  -2.21280353e+00]
 [  1.79582825e+00  -2.18875154e+00  -2.21851073e+00]
 [ -4.03610716e+00   2.20845298e+00   3.20719800e-03]
 [  5.00000000e-03   5.00000000e-03  -2.50000000e-03]
 [  4.03610716e+00  -2.19845298e+00   1.79280200e-03]
 [ -1.79582825e+00   2.18875154e+00   2.21351073e+00]
 [  2.24527890e+00  -1.47014331e-02   2.21780353e+00]
 [  6.27638606e+00  -2.21815441e+00   2.21209633e+00]
 [ -6.26084211e+00  -6.95812776e-03  -6.26437624e+00]
 [ -2.22973495e+00  -2.21041111e+00  -6.26008344e+00]
 [  1.81137221e+00  -4.41386408e+00  -6.26579064e+00]
 [ -4.02056320e+00  -1.66595608e-02  -4.04407271e+00]
 [  1.05439554e-02  -2.22011254e+00  -4.04977991e+00]
 [  4.05165111e+00  -4.42356552e+00  -4.04548711e+00]
 [ -1.78028430e+00  -3.63609939e-02  -1.83376919e+00]
 [  2.26082286e+00  -2.23981397e+00  -1.83947638e+00]
 [  6.29193002e+00  -4.44326695e+00  -1.83518358e+00]
 [  2.35980574e+00  -7.17646421e+00   4.88305695e+00]
 [  2.11889556e+00  -2.01880757e+00   4.87832757e+00]
 [  1.86798538e+00   3.13884906e+00   4.88359820e+00]
 [  2.42375450e-01  -7.17933654e+00  -2.46706442e-01]
 [  1.46526681e-03  -2.02167990e+00  -2.41435822e-01]
 [ -2.49444916e-01   3.13597674e+00  -2.36165202e-01]
 [ -1.87505484e+00  -7.19220886e+00  -5.36646984e+00]
 [ -2.11596503e+00  -2.03455223e+00  -5.36119922e+00]
 [ -2.36687521e+00   3.12310441e+00  -5.36592860e+00]
 [  2.36834048e+00  -5.15228431e+00   5.12074278e+00]
 [  2.11743029e+00   5.37232736e-03   5.12601340e+00]
 [  1.87652011e+00   5.16302896e+00   5.12128402e+00]
 [  2.50910183e-01  -5.15515664e+00   9.79379979e-04]
 [  1.13686838e-13   2.50000000e-03  -3.75000000e-03]
 [ -2.40910183e-01   5.16015664e+00   1.52062002e-03]
 [ -1.86652011e+00  -5.15802896e+00  -5.11878402e+00]
 [ -2.11743029e+00  -3.72327362e-04  -5.12351340e+00]
 [ -2.35834048e+00   5.15728431e+00  -5.11824278e+00]
 [  2.36687521e+00  -3.12810441e+00   5.35842860e+00]
 [  2.12596503e+00   2.02955223e+00   5.36369922e+00]
 [  1.87505484e+00   7.18720886e+00   5.36896984e+00]
 [  2.49444916e-01  -3.13097674e+00   2.38665202e-01]
 [  8.53473319e-03   2.02667990e+00   2.43935822e-01]
 [ -2.42375450e-01   7.18433654e+00   2.39206442e-01]
 [ -1.86798538e+00  -3.13384906e+00  -4.88109820e+00]
 [ -2.10889556e+00   2.02380757e+00  -4.87582757e+00]
 [ -2.35980574e+00   7.18146421e+00  -4.88055695e+00]]