Differences in C_i and C_i expected
average differences - x: 3.42593693274 	y: -5.13585739034 	z: 1.83305408992
[[ -1.04491369e+01  -5.61574085e-01   1.16418440e+01]
 [ -4.87716678e-01   2.25845061e+00   8.42454355e+00]
 [  9.45370352e+00   7.01847531e+00   6.56724306e+00]
 [ -9.04701743e+00  -3.03399845e+00   6.21272740e+00]
 [  1.54402776e-01   3.60602625e+00   3.80542692e+00]
 [  9.25582298e+00   1.01060509e+01   1.47812644e+00]
 [ -5.07489797e+00  -4.16642282e+00   2.43361078e+00]
 [  9.56522231e-01   3.97360188e+00   1.06631030e+00]
 [  7.45794243e+00   9.88362658e+00  -5.40990185e-01]
 [ -9.56886032e+00  -1.67583060e+00  -7.97559386e-01]
 [  7.72559883e-01   2.80419410e+00  -1.19485987e+00]
 [  1.03039801e+01   6.53421880e+00  -1.30216035e+00]
 [ -6.82674086e+00  -3.06825496e+00  -2.13667601e+00]
 [  2.41467934e+00   3.64176974e+00  -3.84397649e+00]
 [  1.10860995e+01   9.40179444e+00  -5.59127697e+00]
 [ -3.22462141e+00  -3.51067932e+00  -2.93579263e+00]
 [  3.41679879e+00   2.86934537e+00  -5.28309312e+00]
 [  1.00282190e+01   8.59937007e+00  -8.39039360e+00]
 [ -8.54858376e+00  -3.30008710e+00  -1.09269628e+01]
 [  1.83283645e+00   1.39993759e+00  -9.71426328e+00]
 [  1.03342566e+01   3.97996229e+00  -8.13156376e+00]
 [ -4.19646430e+00  -3.34251147e+00  -8.78607942e+00]
 [  4.79495590e+00   2.12751323e+00  -1.09833799e+01]
 [  1.20863761e+01   6.13753793e+00  -1.28106804e+01]
 [ -5.94344847e-01  -3.53493583e+00  -7.66519605e+00]
 [  6.26707535e+00   5.75088863e-01  -1.21624965e+01]
 [  1.23884956e+01   5.61511356e+00  -1.64797970e+01]
 [  1.04634247e+00  -2.23695522e+00   4.22733995e+00]
 [  2.68236160e+00   3.47469052e+00   6.12033462e+00]
 [  1.24838073e+00   8.45633626e+00   1.06633293e+01]
 [ -1.01060215e-01   5.15742371e-01  -2.24438767e+00]
 [  1.22495892e+00   5.57738811e+00  -2.80139301e+00]
 [  3.70978046e-01   7.06903386e+00  -1.29839835e+00]
 [ -2.90846290e+00   4.18439965e-01  -5.85611530e+00]
 [ -1.27244377e+00   3.71008571e+00  -8.06312063e+00]
 [  9.73575362e-01   3.27173145e+00  -1.04101260e+01]
 [  2.11641990e+00  -1.72465797e+00   1.98697220e+00]
 [  3.04243903e+00   2.00698777e+00   3.37996686e+00]
 [  1.13845816e+00   4.62863351e+00   4.67296152e+00]
 [  2.06901722e+00   1.06803962e+00  -3.77475543e+00]
 [  3.02503635e+00   5.28968537e+00  -3.78176077e+00]
 [  1.74105548e+00   6.92133111e+00  -1.64876610e+00]
 [  1.11614534e-01   2.90737216e-01  -7.87648305e+00]
 [  1.09763366e+00   4.68238296e+00  -8.83348839e+00]
 [  2.55365280e+00   6.44402870e+00  -7.47049373e+00]
 [  1.84649734e+00  -2.80236072e+00   8.36604440e-01]
 [  2.17251647e+00  -1.37071498e+00   1.67959910e+00]
 [  8.53559806e-03  -1.79069234e-01   1.05259376e+00]
 [  2.92909465e+00  -1.21966313e+00  -5.67512319e+00]
 [  2.92511378e+00   2.32198262e+00  -4.98212852e+00]
 [  1.86113291e+00   4.48362836e+00  -2.04913386e+00]
 [  1.95169197e+00  -1.36696553e+00  -1.06068508e+01]
 [  2.47771110e+00   3.90468021e+00  -1.07738561e+01]
 [  3.13373023e+00   7.61632595e+00  -5.72086149e+00]
 [  5.02288545e+00  -1.12355511e+01   6.30257186e+00]
 [  9.21396349e-01  -2.47435467e+00   5.03575847e+00]
 [ -2.61009276e+00   4.12684178e+00   3.26894507e+00]
 [  1.34165952e+01  -1.05679283e+01   4.41427838e+00]
 [  6.53510611e+00  -3.71673188e+00   3.88746499e+00]
 [  1.63617007e-01   1.27446457e+00   2.87065159e+00]
 [  2.22703050e+01  -9.20030553e+00   4.30598490e+00]
 [  1.38688159e+01  -5.96910908e+00   3.13917151e+00]
 [  5.97732677e+00  -2.95791263e+00   3.06235811e+00]
 [  7.18370783e+00  -1.31406723e+01   1.16632992e+01]
 [  3.68221872e+00  -5.94947589e+00   9.27648583e+00]
 [ -9.27038457e-03   5.71720559e-01   6.40967244e+00]
 [  1.38474176e+01  -1.28830495e+01   9.73500575e+00]
 [  7.92592849e+00  -8.04185309e+00   7.21819235e+00]
 [  2.68443938e+00  -3.49065664e+00   4.59137896e+00]
 [  1.94411274e+01  -1.16854267e+01   5.89671227e+00]
 [  1.34196383e+01  -1.08442303e+01   4.27989888e+00]
 [  7.47814914e+00  -8.41303385e+00   4.26308548e+00]
 [  9.72453020e+00  -1.52257936e+01   1.74740266e+01]
 [  6.06304109e+00  -1.05745971e+01   1.31372132e+01]
 [  1.69155199e+00  -5.09340066e+00   8.92039981e+00]
 [  1.35482400e+01  -1.55581708e+01   1.42457331e+01]
 [  9.14675086e+00  -1.26569743e+01   9.78891972e+00]
 [  4.73526175e+00  -8.30577786e+00   6.00210633e+00]
 [  1.51919497e+01  -1.55205480e+01   6.81743964e+00]
 [  1.16704606e+01  -1.52393515e+01   4.65062624e+00]
 [  8.04897152e+00  -1.26781551e+01   4.71381285e+00]
 [ -4.62756984e+00  -2.80082917e+00   4.01602454e+00]
 [ -8.61123854e+00  -5.92443791e+00   1.77868866e+00]
 [ -1.17149072e+01  -1.30380466e+01  -2.18647214e-01]
 [ -3.93334250e+00  -5.81167050e+00   8.81951114e+00]
 [ -8.23701119e+00  -9.68527923e+00   6.93217526e+00]
 [ -9.14067989e+00  -1.55688880e+01   5.27483939e+00]
 [  8.08848444e-02  -9.72251182e+00   1.47529977e+01]
 [ -5.32278385e+00  -1.24661206e+01   1.59456619e+01]
 [ -5.89645254e+00  -1.43497293e+01   1.80083260e+01]
 [ -1.92679593e+00  -4.22500805e+00   7.36758416e+00]
 [ -5.87046462e+00  -6.59861679e+00   6.11024829e+00]
 [ -1.05141333e+01  -1.12222255e+01   7.62291241e+00]
 [ -1.34256859e+00  -8.43584938e+00   1.12210708e+01]
 [ -5.29623728e+00  -1.02494581e+01   1.05137349e+01]
 [ -7.49990597e+00  -1.38730669e+01   1.17663990e+01]
 [  1.35165876e+00  -1.35666907e+01   1.58345574e+01]
 [ -2.89200994e+00  -1.57402994e+01   1.67272215e+01]
 [ -4.51567863e+00  -1.60439082e+01   1.80298856e+01]
 [  1.83977984e-01  -7.78918693e+00   1.02391438e+01]
 [ -4.91969071e+00  -9.14279567e+00   9.76180791e+00]
 [ -9.87335940e+00  -1.23464044e+01   1.41444720e+01]
 [  9.08205327e-01  -1.11600283e+01   1.28526304e+01]
 [ -3.75546337e+00  -1.14236370e+01   1.27052945e+01]
 [ -7.52913206e+00  -1.26372457e+01   1.64079586e+01]
 [  1.98243267e+00  -1.55808696e+01   1.67961170e+01]
 [ -1.73123602e+00  -1.67344783e+01   1.72787811e+01]
 [ -4.98490472e+00  -1.67780871e+01   1.82614452e+01]
 [ -2.62314702e+00   2.19078404e+00  -5.08170241e+00]
 [  2.28852366e+00   2.75808695e+00  -3.72122896e+00]
 [  5.56019434e+00   7.25389862e-01  -2.40075550e+00]
 [  2.48636011e+00   2.25731330e+00   1.43343709e+00]
 [  5.80803079e+00   3.14461621e+00  -4.86089456e-01]
 [  7.87970148e+00   2.70191912e+00  -2.52561600e+00]
 [  6.24586725e+00   2.21384255e+00   6.96857659e+00]
 [  7.80753793e+00   2.07114547e+00   2.64905004e+00]
 [  8.36920861e+00   2.30844838e+00  -1.77047650e+00]
 [ -2.87093245e+00  -1.26169579e+00  -5.64833705e+00]
 [  3.42073824e+00  -1.64439288e+00  -5.23786360e+00]
 [  6.58240892e+00  -4.18708997e+00  -3.37739014e+00]
 [  3.87857469e+00  -5.95166530e-01   1.96680245e+00]
 [  6.78024537e+00  -9.07863619e-01  -7.52724096e-01]
 [  7.14191606e+00  -2.64056071e+00  -3.89225064e+00]
 [  7.86808182e+00  -1.08637273e-01   7.11194195e+00]
 [  8.47975251e+00  -1.11133436e+00   2.13241540e+00]
 [  7.00142319e+00  -1.77403145e+00  -3.46711114e+00]
 [ -3.96871787e+00  -5.77417561e+00  -3.66497169e+00]
 [  3.71295281e+00  -8.21687270e+00  -4.89449824e+00]
 [  8.45462350e+00  -9.75956979e+00  -4.79402478e+00]
 [  3.48078927e+00  -4.48764636e+00   3.24016781e+00]
 [  6.11245995e+00  -6.14034345e+00  -2.39358737e-01]
 [  5.05413063e+00  -7.92304054e+00  -4.55888528e+00]
 [  8.46029640e+00  -3.73111710e+00   5.81530731e+00]
 [  6.73196708e+00  -3.76381419e+00   1.97578076e+00]
 [  2.73363777e+00  -4.68651128e+00  -4.49374578e+00]
 [  7.64758268e+00  -1.44753477e+01   7.45307605e+00]
 [  1.27200271e+01  -9.72394266e+00   8.44721374e+00]
 [  1.50824715e+01  -5.66253768e+00   7.75135142e+00]
 [  7.38415305e+00  -1.29779110e+01  -1.76195551e+00]
 [  1.25365975e+01  -6.27650604e+00  -1.25781783e+00]
 [  1.58690419e+01  -1.18510105e+00   1.41631985e+00]
 [  5.71072342e+00  -1.35604744e+01  -9.77698708e+00]
 [  1.07431678e+01  -4.70906941e+00  -9.97284940e+00]
 [  1.58856122e+01   2.12233557e+00  -5.44871172e+00]
 [  8.82858824e+00  -1.70918873e+01   2.20245133e+00]
 [  1.29610327e+01  -1.20204824e+01   2.87658901e+00]
 [  1.43734771e+01  -6.80907737e+00   2.99072669e+00]
 [  6.71515861e+00  -1.58444507e+01  -7.36258024e+00]
 [  1.05376030e+01  -9.53304573e+00  -7.63844255e+00]
 [  1.43000474e+01  -3.85164074e+00  -4.80430487e+00]
 [  4.32172898e+00  -1.46870141e+01  -1.64476118e+01]
 [  8.42417339e+00  -6.68560911e+00  -1.71034741e+01]
 [  1.42466178e+01   5.05795881e-01  -1.22793364e+01]
 [  1.02395938e+01  -2.05384270e+01  -3.65817339e+00]
 [  1.44220382e+01  -1.29070221e+01  -1.93403571e+00]
 [  1.43644826e+01  -4.77561706e+00  -3.98980276e-02]
 [  4.69616417e+00  -1.89609904e+01  -1.27032050e+01]
 [  7.91860858e+00  -1.21895854e+01  -1.41690673e+01]
 [  1.19810530e+01  -5.46818044e+00  -1.16149296e+01]
 [ -1.77265459e-01  -1.56935538e+01  -2.15282365e+01]
 [  3.19517895e+00  -9.10214880e+00  -2.43640988e+01]
 [  1.11176234e+01  -4.22074381e+00  -2.20999612e+01]
 [  8.48958443e+00  -1.08196284e+01   1.25613899e+01]
 [  3.76088987e+00  -1.54452110e+00   8.78528359e+00]
 [ -2.03780470e+00   8.18058619e+00   4.41917728e+00]
 [  9.59735465e+00  -1.09023339e+01   5.32929845e+00]
 [  3.83866009e+00  -3.75722662e+00   1.06319213e+00]
 [ -2.06003448e+00   5.07788067e+00  -2.92291418e+00]
 [  8.36512487e+00  -1.11450394e+01  -6.26279301e+00]
 [  3.17643030e+00  -6.48993214e+00  -8.57889933e+00]
 [ -1.80226426e+00   8.05175151e-01  -9.01500564e+00]
 [  1.03948033e+01  -1.21210237e+01   1.96399035e+01]
 [  4.52610874e+00  -3.30591636e+00   1.45837972e+01]
 [ -3.27258583e+00   5.44919093e+00   8.90769091e+00]
 [  9.73257352e+00  -1.23237292e+01   1.06978121e+01]
 [  3.34387896e+00  -4.90862188e+00   5.79170577e+00]
 [ -3.54481561e+00   4.23648541e+00   9.45599452e-01]
 [  6.54034374e+00  -1.33764347e+01  -2.65427937e+00]
 [  1.50164917e+00  -7.43132740e+00  -5.08038569e+00]
 [ -2.55704539e+00   1.09377989e+00  -6.14649201e+00]
 [  1.07800222e+01  -1.44524189e+01   2.53884172e+01]
 [  2.38132761e+00  -5.22731162e+00   2.11923109e+01]
 [ -7.69736696e+00   2.80779567e+00   1.47162045e+01]
 [  1.08377924e+01  -1.43151244e+01   1.51763257e+01]
 [  1.40909783e+00  -5.16001714e+00   1.10302194e+01]
 [ -8.36959674e+00   4.27509015e+00   6.08411309e+00]
 [  7.81556261e+00  -1.55278300e+01   2.29423426e+00]
 [  5.06868044e-01  -7.63272266e+00  -4.71872055e-01]
 [ -5.64182652e+00   2.51238463e+00  -1.89797837e+00]
 [  7.87080054e+00  -9.67438546e+00   3.63892735e+00]
 [  6.53211110e+00  -8.24631948e+00   3.10511572e+00]
 [  5.01342166e+00  -8.21825350e+00   7.61130410e+00]
 [  5.43204459e+00  -1.27466276e+01   3.71635516e+00]
 [  4.24335515e+00  -1.06285616e+01   3.47254353e+00]
 [  3.80466571e+00  -8.97049565e+00   7.08873191e+00]
 [  3.33328864e+00  -1.72288698e+01   4.37378296e+00]
 [  3.24459920e+00  -1.55808038e+01   5.10997134e+00]
 [  3.51590976e+00  -1.26927378e+01   6.23615972e+00]
 [  6.90602883e+00  -9.94848079e+00   4.01964299e+00]
 [  3.88733939e+00  -9.39041482e+00   2.63583137e+00]
 [  3.12864995e+00  -9.49234884e+00   7.14201974e+00]
 [  4.46727288e+00  -1.14507229e+01   3.06707080e+00]
 [  2.47858344e+00  -8.86265697e+00   2.07325918e+00]
 [  2.12989400e+00  -7.76459099e+00   6.05944755e+00]
 [  2.55851693e+00  -1.44429651e+01   2.86449861e+00]
 [  2.39982749e+00  -1.18048991e+01   3.42068699e+00]
 [  1.60113805e+00  -9.62683314e+00   5.09687536e+00]
 [  3.20125713e+00  -1.05125761e+01   5.63035863e+00]
 [ -6.27432314e-01  -1.09845102e+01   2.43654701e+00]
 [ -3.61217553e-02  -1.27464442e+01   4.32273539e+00]
 [  1.52501177e-01  -9.40481828e+00   3.90778644e+00]
 [ -2.58618826e+00  -8.58675231e+00   1.53397482e+00]
 [ -1.04487771e+00  -9.79868633e+00   3.58016320e+00]
 [  2.13745227e-01  -1.12970604e+01   2.67521425e+00]
 [ -6.34944214e-01  -8.46899446e+00   3.39140263e+00]
 [  1.63663444e-02  -7.33092848e+00   5.66759101e+00]]