27, 8, pa1-debug-a-output.txt
208.233920057,	224.039397094,	183.851449322
417.135963513,	448.74693787,	190.658687278
209.878493108,	206.34082281,	210.861969223
211.814879177,	207.099286373,	335.844668594
213.751265247,	207.857749936,	460.827367964
209.986159569,	331.338464668,	210.101746879
211.922545638,	332.09692823,	335.08444625
213.858931707,	332.855391793,	460.067145621
210.093826029,	456.336106525,	209.341524536
212.030212098,	457.094570088,	334.324223907
213.966598167,	457.85303365,	459.306923278
334.863447471,	206.22139458,	208.926272973
336.79983354,	206.979858143,	333.908972343
338.736219609,	207.738321705,	458.891671714
334.971113931,	331.219036437,	208.166050629
336.9075,	331.9775,	333.14875
338.843886069,	332.735963563,	458.131449371
335.078780391,	456.216678295,	207.405828286
337.01516646,	456.975141857,	332.388527657
338.951552529,	457.73360542,	457.371227027
459.848401833,	206.10196635,	206.990576722
461.784787902,	206.860429912,	331.973276093
463.721173971,	207.618893475,	456.955975464
459.956068293,	331.099608207,	206.230354379
461.892454362,	331.85807177,	331.21305375
463.828840431,	332.616535332,	456.195753121
460.063734753,	456.097250064,	205.470132036
462.000120823,	456.855713627,	330.452831406
463.936506892,	457.61417719,	455.435530777
211.206820801,	213.502788159,	449.189420861
215.253026567,	212.562412037,	574.12037744
219.299232333,	211.622035916,	699.051334019
210.710285233,	338.498138927,	450.146363252
214.756490999,	337.557762806,	575.077319831
218.802696765,	336.617386684,	700.008276409
210.213749665,	463.493489696,	451.103305643
214.259955431,	462.553113574,	576.034262222
218.306161197,	461.612737452,	700.9652188
336.140329802,	214.030025353,	445.147101031
340.186535568,	213.089649232,	570.078057609
344.232741334,	212.14927311,	695.009014188
335.643794234,	339.025376122,	446.104043421
339.69,	338.085,	571.035
343.736205766,	337.144623878,	695.965956579
335.147258666,	464.02072689,	447.060985812
339.193464432,	463.080350768,	571.991942391
343.239670198,	462.139974647,	696.922898969
461.073838803,	214.557262548,	441.1047812
465.120044569,	213.616886426,	566.035737778
469.166250335,	212.676510304,	690.966694357
460.577303235,	339.552613316,	442.061723591
464.623509001,	338.612237194,	566.992680169
468.669714767,	337.671861073,	691.923636748
460.080767667,	464.547964084,	443.018665981
464.126973433,	463.607587963,	567.94962256
468.173179199,	462.667211841,	692.880579139
208.468919667,	459.707724228,	202.192133328
207.84215321,	456.362471465,	327.145790528
207.215386752,	453.017218702,	452.099447729
208.302198997,	584.662863446,	205.536589497
207.675432539,	581.317610684,	330.490246698
207.048666081,	577.972357921,	455.443903898
208.135478327,	709.618002665,	208.881045667
207.508711869,	706.272749902,	333.834702867
206.881945411,	702.92749714,	458.788360068
333.467237128,	459.857613544,	202.82313663
332.84047067,	456.512360781,	327.77679383
332.213704212,	453.167108019,	452.730451031
333.300516458,	584.812752763,	206.1675928
332.67375,	581.4675,	331.12125
332.046983542,	578.122247237,	456.0749072
333.133795788,	709.767891981,	209.512048969
332.50702933,	706.422639219,	334.46570617
331.880262872,	703.077386456,	459.41936337
458.465554589,	460.00750286,	203.454139932
457.838788131,	456.662250098,	328.407797133
457.212021673,	453.316997335,	453.361454333
458.298833919,	584.962642079,	206.798596102
457.672067461,	581.617389316,	331.752253302
457.045301003,	578.272136554,	456.705910503
458.132113248,	709.917781298,	210.143052271
457.50534679,	706.572528535,	335.096709472
456.878580333,	703.227275772,	460.050366672
206.3875778,	448.648522682,	454.173828871
209.436064587,	447.780453011,	579.133635143
212.484551375,	446.912383341,	704.093441414
206.381191991,	573.645505426,	455.042312585
209.429678779,	572.777435756,	580.002118857
212.478165567,	571.909366086,	704.961925128
206.374806183,	698.642488171,	455.910796299
209.423292971,	697.774418501,	580.870602571
212.471779758,	696.90634883,	705.830408842
331.350399021,	448.676086926,	451.125460015
334.398885808,	447.808017255,	576.085266286
337.447372596,	446.939947585,	701.045072557
331.344013212,	573.67306967,	451.993943729
334.3925,	572.805,	576.95375
337.440986788,	571.93693033,	701.913556271
331.337627404,	698.670052415,	452.862427443
334.386114192,	697.801982745,	577.822233714
337.434600979,	696.933913074,	702.782039985
456.313220242,	448.70365117,	448.077091158
459.361707029,	447.835581499,	573.036897429
462.410193817,	446.967511829,	697.996703701
456.306834433,	573.700633914,	448.945574872
459.355321221,	572.832564244,	573.905381143
462.403808009,	571.964494574,	698.865187415
456.300448625,	698.697616659,	449.814058586
459.348935413,	697.829546989,	574.773864857
462.3974222,	696.961477318,	699.733671129
446.437117968,	211.028216591,	213.199464733
447.250506608,	206.843082453,	338.12673578
448.063895247,	202.657948316,	463.054006827
447.410548196,	335.954556313,	217.378229766
448.223936836,	331.769422176,	342.305500813
449.037325476,	327.584288038,	467.23277186
448.383978424,	460.880896035,	221.556994799
449.197367064,	456.695761898,	346.484265846
450.010755704,	452.510627761,	471.411536893
571.430681132,	210.082544415,	212.35396392
572.244069772,	205.897410278,	337.281234967
573.057458412,	201.712276141,	462.208506014
572.40411136,	335.008884137,	216.532728953
573.2175,	330.82375,	341.46
574.03088864,	326.638615863,	466.387271047
573.377541588,	459.935223859,	220.711493986
574.190930228,	455.750089722,	345.638765033
575.004318868,	451.564955585,	470.56603608
696.424244296,	209.136872239,	211.508463107
697.237632936,	204.951738102,	336.435734154
698.051021576,	200.766603965,	461.363005201
697.397674524,	334.063211962,	215.68722814
698.211063164,	329.878077824,	340.614499187
699.024451804,	325.692943687,	465.541770234
698.371104753,	458.989551684,	219.865993173
699.184493392,	454.804417547,	344.79326422
699.997882032,	450.619283409,	469.720535267
451.29244175,	209.990629167,	448.090046662
449.669023382,	207.143183151,	573.047065528
448.045605015,	204.295737134,	698.004084395
450.933226946,	334.957777886,	450.933056659
449.309808579,	332.110331869,	575.890075526
447.686390212,	329.262885853,	700.847094392
450.574012143,	459.924926605,	453.776066657
448.950593776,	457.077480588,	578.733085523
447.327175409,	454.230034572,	703.69010439
576.281383171,	210.312797298,	449.721221136
574.657964803,	207.465351281,	574.678240002
573.034546436,	204.617905265,	699.635258869
575.922168367,	335.279946017,	452.564231134
574.29875,	332.4325,	577.52125
572.675331633,	329.585053983,	702.478268866
575.562953564,	460.247094735,	455.407241131
573.939535197,	457.399648719,	580.364259998
572.316116829,	454.552202702,	705.321278864
701.270324591,	210.634965428,	451.35239561
699.646906224,	207.787519412,	576.309414477
698.023487857,	204.940073395,	701.266433343
700.911109788,	335.602114147,	454.195405608
699.287691421,	332.754668131,	579.152424474
697.664273054,	329.907222114,	704.109443341
700.551894985,	460.569262866,	457.038415605
698.928476618,	457.721816849,	581.995434472
697.30505825,	454.874370833,	706.952453338
444.838069984,	454.643266948,	213.540183583
446.429177142,	452.669813971,	338.514476385
448.020284299,	450.696360994,	463.488769187
445.878348887,	579.623565515,	215.500487111
447.469456045,	577.650112538,	340.474779913
449.060563202,	575.676659561,	465.449072715
446.91862779,	704.603864082,	217.460790639
448.509734948,	702.630411105,	342.435083441
450.100842105,	700.656958128,	467.409376243
569.82361394,	453.62815441,	211.93290367
571.414721097,	451.654701433,	336.907196472
573.005828254,	449.681248456,	461.881489274
570.863892843,	578.608452977,	213.893207198
572.455,	576.635,	338.8675
574.046107157,	574.661547023,	463.841792802
571.904171746,	703.588751544,	215.853510726
573.495278903,	701.615298567,	340.827803528
575.08638606,	699.64184559,	465.80209633
694.809157895,	452.613041872,	210.325623757
696.400265052,	450.639588895,	335.299916559
697.99137221,	448.666135918,	460.274209361
695.849436798,	577.593340439,	212.285927285
697.440543955,	575.619887462,	337.260220087
699.031651113,	573.646434485,	462.234512889
696.889715701,	702.573639006,	214.246230813
698.480822858,	700.600186029,	339.220523615
700.071930016,	698.626733052,	464.194816417
451.539805742,	442.293535791,	456.183056955
453.568895559,	444.951192427,	581.138327575
455.597985376,	447.608849062,	706.093598195
450.42237545,	567.260663464,	453.543293558
452.451465267,	569.9183201,	578.498564178
454.480555084,	572.575976735,	703.453834798
449.304945157,	692.227791137,	450.903530161
451.334034974,	694.885447772,	575.858800781
453.363124791,	697.543104408,	700.814071401
576.518340475,	443.367715692,	454.130742777
578.547430292,	446.025372327,	579.086013397
580.576520109,	448.683028963,	704.041284017
575.400910183,	568.334843365,	451.49097938
577.43,	570.9925,	576.44625
579.459089817,	573.650156635,	701.40152062
574.283479891,	693.301971037,	448.851215983
576.312569708,	695.959627673,	573.806486603
578.341659525,	698.617284308,	698.761757223
701.496875209,	444.441895592,	452.078428599
703.525965026,	447.099552228,	577.033699219
705.555054843,	449.757208863,	701.988969839
700.379444916,	569.409023265,	449.438665202
702.408534733,	572.0666799,	574.393935822
704.43762455,	574.724336536,	699.349206442
699.262014624,	694.376150938,	446.798901805
701.291104441,	697.033807573,	571.754172425
703.320194258,	699.691464209,	696.709443045
