Differences in C_i and C_i expected
[[  6.79752938e+00  -2.91870522e+00  -1.35743968e+01]
 [  6.49429129e+00  -1.12350619e+01  -6.98582126e+00]
 [  5.53105319e+00  -1.69714187e+01  -1.96724572e+00]
 [  1.94106021e+00   2.57308206e+00  -4.77035802e+00]
 [ -3.72177885e-01  -8.27327467e+00  -1.71178248e+00]
 [ -1.64541598e+00  -1.58996314e+01   3.06793069e-01]
 [ -4.95408964e-01   6.93486935e+00   3.94368076e+00]
 [ -5.04864706e+00  -5.33148738e+00   3.52225631e+00]
 [ -8.89188515e+00  -1.49278441e+01   2.37083185e+00]
 [  2.43479961e+00   2.35573955e-01  -1.26353778e+01]
 [  4.16156152e+00  -5.19078278e+00  -7.61680221e+00]
 [  5.06832342e+00  -7.00713951e+00  -4.63822666e+00]
 [ -1.46166956e+00   3.95736124e+00  -7.51338968e-01]
 [ -1.29490765e+00  -3.48995494e-01   1.28723658e+00]
 [ -1.33814575e+00  -4.17535222e+00   1.22581213e+00]
 [ -2.48813873e+00   7.77914852e+00   1.12626998e+01]
 [ -4.61137683e+00   1.46279179e+00   1.03512754e+01]
 [ -7.77461492e+00  -5.28356494e+00   7.51985091e+00]
 [  1.45206984e+00   7.61985313e+00  -1.00863587e+01]
 [  3.57883175e+00   3.54349640e+00  -7.18778315e+00]
 [  4.46559365e+00   1.93713966e+00  -6.48920760e+00]
 [  4.56006680e-02   8.82164041e+00   3.57768009e+00]
 [  5.12362576e-01   7.56528368e+00   4.95625563e+00]
 [ -1.74087552e+00   4.40892695e+00   3.14483118e+00]
 [  7.29131496e-01   9.20342769e+00   1.77317189e+01]
 [ -1.67410660e+00   6.76707096e+00   1.71402944e+01]
 [ -7.17734469e+00   1.22071423e+00   1.37088700e+01]
 [  6.42421759e+00   1.27872758e+00   2.31858600e+00]
 [  4.81257923e+00   2.35799546e+00   3.05782832e+00]
 [ -4.09059123e-01   5.82726333e+00  -5.52929365e-01]
 [  4.76300274e+00   2.55029179e+00   4.73722664e-01]
 [  5.82136438e+00   3.82955967e+00  -3.37035019e-01]
 [  5.51972603e+00   8.06882754e+00  -4.68779270e+00]
 [  3.35178789e+00   3.47185600e+00  -1.75114067e+00]
 [  5.07014953e+00   3.66112388e+00  -3.34189835e+00]
 [  8.21851118e+00   7.65039175e+00  -5.94265604e+00]
 [  5.84923852e+00   5.23012962e+00  -3.23362989e+00]
 [  5.65760016e+00   8.00939750e+00  -5.83438758e+00]
 [  7.15961804e-01   8.14866537e+00  -1.29851453e+01]
 [  5.10802367e+00   8.12169383e+00  -1.39849323e+00]
 [  4.88638531e+00   7.12096171e+00  -4.59925091e+00]
 [  1.62474695e+00   2.80022958e+00  -9.76000860e+00]
 [  4.60680882e+00   7.31325804e+00   4.66434340e-02]
 [  3.79517046e+00   3.39252592e+00  -2.55411425e+00]
 [  2.80353210e+00  -1.80820621e+00  -4.84487193e+00]
 [  4.99425945e+00   9.07153166e+00  -8.16584579e+00]
 [  5.73262109e+00   9.49079954e+00  -1.20566035e+01]
 [  2.41098273e+00   6.07006741e+00  -1.97673612e+01]
 [  4.62304460e+00   1.15330959e+01  -2.32070912e+00]
 [  2.89140624e+00   6.39236375e+00  -6.78146681e+00]
 [ -1.30023212e+00  -4.05836838e+00  -1.19022245e+01]
 [  5.38182975e+00   8.66466008e+00   3.34442754e+00]
 [  1.48019139e+00   1.74392796e+00  -1.46330143e-01]
 [ -2.80144697e+00  -1.05368042e+01  -2.06708783e+00]
 [  3.09236845e+00   4.66654402e+00  -7.44911605e+00]
 [  1.68143680e+00   2.99627116e+00  -7.58850594e+00]
 [  1.35050515e+00   4.72599829e+00  -7.81789583e+00]
 [  5.53490416e+00   3.27774645e+00  -9.94539563e+00]
 [  1.64397251e+00   3.45747359e+00  -1.14547855e+01]
 [ -1.12695914e+00   5.09720073e+00  -1.32141754e+01]
 [  7.07743987e+00  -2.92105111e+00  -1.14316752e+01]
 [  2.55650822e+00   2.03867602e+00  -1.15810651e+01]
 [ -1.66442343e+00   5.48840316e+00  -1.33604550e+01]
 [  1.04419866e+00   2.22343250e+00  -3.52736951e+00]
 [  2.18326701e+00   6.83315964e+00  -4.52675940e+00]
 [  2.37233537e+00   1.11128868e+01  -6.68614929e+00]
 [  4.26673437e+00   2.74463494e+00  -7.25364909e+00]
 [  2.59580272e+00   4.76436207e+00  -8.49303898e+00]
 [  6.54871078e-01   7.37408921e+00  -1.11224289e+01]
 [  4.68927008e+00  -3.04162631e-01  -1.47199287e+01]
 [  2.12833843e+00  -6.44354953e-02  -1.35993186e+01]
 [ -7.25932121e-02   2.57529164e+00  -1.39787085e+01]
 [  4.03602887e+00   3.60320986e-01  -2.56229712e-02]
 [  4.68509723e+00   9.45004812e+00  -8.95012862e-01]
 [  2.52416558e+00   1.46897753e+01  -4.27440275e+00]
 [  5.27856458e+00  -8.84765813e-02  -4.43190256e+00]
 [  4.77763294e+00   4.80125055e+00  -5.27129245e+00]
 [  1.58670129e+00   8.76097769e+00  -7.60068234e+00]
 [  1.93110029e+00  -1.14727415e+00  -1.62581821e+01]
 [  2.14016865e+00  -1.09754701e+00  -1.41375720e+01]
 [  1.87923700e+00   2.90218012e+00  -1.25569619e+01]
 [ -1.37722355e+01   2.87921567e+00   5.29894560e+00]
 [ -4.85615680e+00   3.24863056e+00   3.54456249e+00]
 [  5.60992190e+00   7.38804545e+00   4.60179388e-01]
 [ -1.06607854e+01   3.66349180e+00   7.18918944e+00]
 [ -2.41470674e+00   2.02290669e+00   5.77480634e+00]
 [  8.89137196e+00   3.29232158e+00   4.64042323e+00]
 [ -5.48933537e+00   3.85776793e+00   1.41694333e+01]
 [  1.05674332e+00   3.47182825e-01   1.32150502e+01]
 [  1.03728220e+01  -3.90340228e+00   1.35706671e+01]
 [ -1.24741899e+01   4.20304937e+00  -6.44938648e-01]
 [ -5.89811121e+00   2.32464262e-01  -3.46932175e+00]
 [  4.79674818e-02  -5.36812085e+00  -5.95370486e+00]
 [ -8.72273985e+00  -1.26744947e-02   1.80530520e+00]
 [ -2.59666116e+00  -3.61325960e+00   1.10922091e-01]
 [  5.03941754e+00  -6.39384471e+00  -1.43461015e-01]
 [ -4.08128979e+00  -4.73839836e+00   6.19554904e+00]
 [  2.75478890e+00  -6.10898347e+00   5.71116593e+00]
 [  1.11008676e+01  -5.35956858e+00   6.17678283e+00]
 [ -1.20961443e+01   2.45688308e+00  -5.24882290e+00]
 [ -9.15006563e+00  -5.61370203e+00  -8.96320600e+00]
 [ -5.78398694e+00  -1.78842871e+01  -1.07175891e+01]
 [ -7.57469427e+00  -3.89884079e+00  -2.02857905e+00]
 [ -3.39861557e+00  -9.10942590e+00  -3.34296216e+00]
 [  5.57463121e-01  -1.69200110e+01  -3.01734526e+00]
 [ -2.69324421e+00  -1.03145647e+01  -6.88335207e-01]
 [  4.72283448e+00  -9.74514977e+00   7.17281687e-01]
 [  1.11189132e+01  -8.81573488e+00   1.55289858e+00]
 [ -8.38702044e+00  -9.59105174e-01  -8.31740904e+00]
 [ -4.84991007e+00   2.54639783e+00  -4.95000359e+00]
 [ -2.25279970e+00   7.83190084e+00  -3.93259814e+00]
 [ -3.07845874e+00   9.67555806e-01  -1.35812486e+00]
 [ -1.24134837e+00   6.57305881e+00   3.92805944e-02]
 [ -1.78423800e+00   1.02485618e+01  -1.46331396e+00]
 [  3.94010296e+00   1.93421679e+00   5.00115933e+00]
 [  2.95721333e+00   6.26971979e+00   4.30856478e+00]
 [ -3.75676300e-01   7.43522280e+00   6.35970228e-01]
 [ -3.28965645e+00   3.93784233e+00  -4.75573883e+00]
 [ -2.14254608e+00   6.05334534e+00  -2.55833338e+00]
 [ -2.30543571e+00   7.07884834e+00  -2.97092793e+00]
 [  3.92890525e+00   2.07450331e+00   1.87354535e+00]
 [  2.07601562e+00   6.68000632e+00   2.88095080e+00]
 [ -2.28687401e+00   7.77550932e+00   8.58356254e-01]
 [  9.66746695e+00  -1.23883571e+00   7.65282954e+00]
 [  6.07457732e+00   3.12666730e+00   7.68023499e+00]
 [ -1.26831231e+00   4.20217030e+00   5.03764044e+00]
 [  5.01770754e+00   8.18478984e+00   1.09593138e+00]
 [  2.43481792e+00   6.88029285e+00   3.69333683e+00]
 [ -1.13807171e+00   1.60579585e+00   4.39074228e+00]
 [  1.13462692e+01   4.41145082e+00   4.32521557e+00]
 [  5.24337962e+00   3.74695383e+00   6.50262101e+00]
 [ -2.49951001e+00   7.92456831e-01   6.19002646e+00]
 [  1.45348309e+01  -2.00188820e+00   6.29449975e+00]
 [  7.64194132e+00  -1.06638519e+00   7.83190520e+00]
 [ -2.31094831e+00  -1.33088219e+00   7.84931065e+00]
 [  3.68005181e+00  -1.56497279e+00  -5.42374423e-01]
 [  4.75816900e+00   1.20558372e+00  -5.03738247e+00]
 [  2.04628620e+00   7.96140227e-01  -1.25423905e+01]
 [  1.69791755e+00   1.29255312e+00   2.87760745e+00]
 [  7.46034746e-01  -1.81689037e+00  -2.09740060e+00]
 [ -2.60584806e+00  -9.50633387e+00  -7.68240864e+00]
 [  7.85783293e-01  -1.52992098e+00   6.40758932e+00]
 [ -2.66609951e+00  -7.39936447e+00   2.59258127e+00]
 [ -5.96798232e+00  -1.78388080e+01   6.77573226e-01]
 [  3.47746130e+00   2.44758379e-01  -1.99389590e+00]
 [  4.36557849e+00  -1.45468511e+00  -5.01890394e+00]
 [  4.27369569e+00  -5.45412860e+00  -9.79391199e+00]
 [  1.50532704e+00   1.13228429e+00   3.16608597e+00]
 [ -1.41655577e+00  -4.48715920e+00  -1.10892207e+00]
 [ -3.20843857e+00  -1.38266027e+01  -5.77393012e+00]
 [  1.83192779e-01  -2.50018981e+00   7.90606784e+00]
 [ -5.09869003e+00  -8.78963330e+00   4.71105979e+00]
 [ -8.46057283e+00  -1.97190768e+01   1.99605175e+00]
 [  5.10487078e+00  -1.92551045e+00   2.90458263e+00]
 [  5.14298798e+00  -9.74495394e+00   3.53957458e+00]
 [  6.49110517e+00  -1.59143974e+01   3.52456654e+00]
 [  1.60273652e+00  -3.49798454e+00   6.16456449e+00]
 [ -1.38914628e+00  -9.66742803e+00   4.17955645e+00]
 [ -2.21029087e-01  -1.48768715e+01   1.36454841e+00]
 [ -8.89397735e-01  -6.01045864e+00   8.79454636e+00]
 [ -6.12128054e+00  -9.18990213e+00   6.57953832e+00]
 [ -6.61316334e+00  -1.38893456e+01   3.34453027e+00]
 [  6.16378844e+00  -9.44302704e-02  -6.32981435e+00]
 [  3.45742252e+00   7.48718472e+00  -6.91739522e+00]
 [ -2.12894340e+00   1.18587997e+01  -9.90497608e+00]
 [  1.17256803e+01  -3.34863916e-01  -9.64553850e+00]
 [  7.53931438e+00   2.54675108e+00  -1.03031194e+01]
 [  1.33294846e+00   5.31836607e+00  -1.25607002e+01]
 [  1.26575722e+01  -7.35297562e-01  -1.98612627e+01]
 [  9.00120624e+00  -2.84368257e+00  -1.80788435e+01]
 [  5.36484032e+00  -9.32067576e-01  -1.68364244e+01]
 [  1.18372432e+01  -3.78007718e+00  -2.41753182e+00]
 [  6.61087726e+00   3.19153782e+00  -2.12511268e+00]
 [ -2.32548866e+00   7.22315281e+00  -4.29269355e+00]
 [  1.41591350e+01  -7.18051082e+00  -5.49325597e+00]
 [  9.88276912e+00  -2.00889583e+00  -5.10083683e+00]
 [  2.13640320e+00   2.74271916e+00  -6.09841770e+00]
 [  1.19010269e+01  -7.33094447e+00  -1.49089801e+01]
 [  1.04546610e+01  -5.47932948e+00  -1.29765610e+01]
 [  7.58829506e+00  -9.47714482e-01  -1.07041418e+01]
 [  1.66806979e+01  -4.71572408e+00  -1.48524928e+00]
 [  8.80433201e+00  -1.82410909e+00  -3.28301489e-02]
 [ -2.88203392e+00   7.27505902e-01   5.59588987e-01]
 [  1.61925898e+01  -1.10761577e+01  -3.98097343e+00]
 [  1.08762239e+01  -5.18454274e+00  -2.55855430e+00]
 [  1.78985794e+00   3.67072256e-01  -1.82613516e+00]
 [  1.35244816e+01  -1.29065914e+01  -7.50669759e+00]
 [  1.25581157e+01  -4.19497638e+00  -6.12427845e+00]
 [  8.88174980e+00   2.63663861e+00  -4.04185931e+00]
 [ -5.03251919e+00   4.63095703e-01   1.20365924e+01]
 [ -1.12320987e+01   2.11415876e+00   8.60446874e+00]
 [ -1.72216782e+01  -8.24778184e-01   6.01234507e+00]
 [ -7.88882433e+00  -5.59649795e+00   6.04124596e+00]
 [ -1.35584038e+01  -1.76543489e+00   4.76912229e+00]
 [ -1.88179833e+01  -8.24371837e-01   5.41699862e+00]
 [ -9.94512947e+00  -1.19660916e+01  -1.33410049e+00]
 [ -1.26047090e+01  -2.55502855e+00  -4.16224160e-01]
 [ -1.59142885e+01   7.19603451e+00   1.03165217e+00]
 [ -5.73533000e+00   2.30144115e+00   1.64721049e+01]
 [ -1.35949095e+01   3.66250421e+00   1.29399812e+01]
 [ -1.97444890e+01   5.33567268e-01   1.03378575e+01]
 [ -7.53163514e+00  -2.21815250e+00   1.12767584e+01]
 [ -1.48712146e+01   1.36291056e+00   1.03546348e+01]
 [ -2.11007941e+01   7.53973614e-01   1.04925111e+01]
 [ -8.08794029e+00  -5.79774615e+00   3.61141198e+00]
 [ -1.09075198e+01   1.83331690e+00   6.07928831e+00]
 [ -1.54470993e+01   6.98437996e+00   8.56716465e+00]
 [ -6.31814081e+00   1.64978661e+00   2.00476174e+01]
 [ -1.46977203e+01   5.60084966e+00   1.80554937e+01]
 [ -1.78672998e+01   8.82191272e+00   1.46833700e+01]
 [ -8.35444596e+00   1.10019295e+00   1.47622709e+01]
 [ -1.59740255e+01   6.22125601e+00   1.46901472e+01]
 [ -1.97636050e+01   8.34231907e+00   1.33080236e+01]
 [ -7.08075110e+00   3.40059930e+00   8.79692446e+00]
 [ -1.07403306e+01   7.35166235e+00   1.22548008e+01]
 [ -1.46299101e+01   6.33272541e+00   1.48026771e+01]]