27, 8, pa1-debug-f-output.txt
199.341513543,	228.334953935,	200.141480864
381.500438437,	463.358625313,	192.840440564
211.728740295,	214.245991026,	206.709590288
208.820437151,	210.733254186,	331.626372398
205.912134007,	207.220517346,	456.543154508
209.737275867,	339.18203299,	210.176503602
206.828972723,	335.66929615,	335.093285712
203.920669579,	332.156559309,	460.010067822
207.745811439,	464.118074953,	213.643416916
204.837508295,	460.605338113,	338.560199026
201.929205151,	457.092601273,	463.476981136
336.679033781,	216.155466971,	209.672369281
333.770730637,	212.642730131,	334.589151391
330.862427493,	209.129993291,	459.505933501
334.687569353,	341.091508935,	213.139282595
331.779266209,	337.578772094,	338.056064705
328.870963065,	334.066035254,	462.972846815
332.696104925,	466.027550898,	216.606195909
329.787801781,	462.514814058,	341.522978019
326.879498637,	459.002077218,	466.439760129
461.629327267,	218.064942916,	212.635148274
458.721024123,	214.552206076,	337.551930384
455.812720979,	211.039469235,	462.468712494
459.637862839,	343.000984879,	216.102061588
456.729559695,	339.488248039,	341.018843698
453.821256551,	335.975511199,	465.935625808
457.646398411,	467.937026843,	219.568974902
454.738095267,	464.424290003,	344.485757012
451.829792123,	460.911553163,	469.402539122
209.921763921,	208.565029633,	445.753646263
212.345181256,	205.594193738,	570.694837159
214.768598592,	202.623357844,	695.636028055
209.142524268,	333.526919609,	448.740088832
211.565941604,	330.556083714,	573.681279728
213.989358939,	327.58524782,	698.622470624
208.363284615,	458.488809585,	451.7265314
210.786701951,	455.51797369,	576.667722296
213.210119286,	452.547137795,	701.608913192
334.895840569,	209.401801848,	443.349487725
337.319257904,	206.430965953,	568.290678621
339.74267524,	203.460130059,	693.231869517
334.116600916,	334.363691824,	446.335930293
336.540018251,	331.392855929,	571.277121189
338.963435587,	328.422020035,	696.218312085
333.337361263,	459.3255818,	449.322372862
335.760778599,	456.354745905,	574.263563758
338.184195934,	453.383910011,	699.204754654
459.869917216,	210.238574063,	440.945329186
462.293334552,	207.267738168,	565.886520082
464.716751887,	204.296902274,	690.827710978
459.090677564,	335.200464039,	443.931771755
461.514094899,	332.229628144,	568.872962651
463.937512235,	329.25879225,	693.814153547
458.311437911,	460.162354015,	446.918214323
460.734855247,	457.19151812,	571.859405219
463.158272582,	454.220682226,	696.800596115
204.988530033,	453.383815342,	209.547069512
206.722387399,	455.811512087,	334.51146455
208.456244765,	458.239208833,	459.475859587
204.861001044,	578.360203042,	207.120909224
206.594858409,	580.787899788,	332.085304262
208.328715775,	583.215596533,	457.0496993
204.733472054,	703.336590742,	204.694748936
206.46732942,	705.764287488,	329.659143974
208.201186785,	708.191984234,	454.623539012
329.976439349,	453.477655079,	207.811062855
331.710296714,	455.905351825,	332.775457893
333.44415408,	458.33304857,	457.739852931
329.848910359,	578.454042779,	205.384902568
331.582767725,	580.881739525,	330.349297605
333.31662509,	583.309436271,	455.313692643
329.721381369,	703.43043048,	202.95874228
331.455238735,	705.858127225,	327.923137318
333.189096101,	708.285823971,	452.887532355
454.964348664,	453.571494817,	206.075056199
456.69820603,	455.999191562,	331.039451236
458.432063395,	458.426888308,	456.003846274
454.836819674,	578.547882517,	203.648895911
456.57067704,	580.975579262,	328.613290949
458.304534406,	583.403276008,	453.577685986
454.709290684,	703.524270217,	201.222735623
456.44314805,	705.951966963,	326.187130661
458.177005416,	708.379663708,	451.151525699
219.250993562,	454.130937939,	440.593078645
218.506847989,	451.61717908,	565.565584676
217.762702416,	449.103420222,	690.538090708
218.427237062,	579.103043299,	443.101924407
217.683091489,	576.589284441,	568.074430438
216.938945916,	574.075525582,	693.04693647
217.603480563,	704.075148659,	445.610770169
216.85933499,	701.561389801,	570.5832762
216.115189417,	699.047630943,	695.555782232
344.246064155,	454.939577679,	441.353623958
343.501918582,	452.425818821,	566.326129989
342.757773009,	449.912059963,	691.298636021
343.422307655,	579.91168304,	443.86246972
342.678162083,	577.397924181,	568.834975751
341.93401651,	574.884165323,	693.807481783
342.598551156,	704.8837884,	446.371315482
341.854405583,	702.370029542,	571.343821514
341.11026001,	699.856270683,	696.316327545
469.241134748,	455.74821742,	442.114169271
468.496989175,	453.234458562,	567.086675302
467.752843602,	450.720699704,	692.059181334
468.417378249,	580.720322781,	444.623015033
467.673232676,	578.206563922,	569.595521065
466.929087103,	575.692805064,	694.568027096
467.593621749,	705.692428141,	447.131860795
466.849476176,	703.178669283,	572.104366827
466.105330604,	700.664910424,	697.076872858
446.765808978,	211.018149658,	210.979940158
446.545185201,	213.850119466,	335.947661079
446.324561424,	216.682089275,	460.915382
447.623180403,	335.98315988,	208.149545422
447.402556626,	338.815129689,	333.117266343
447.181932849,	341.647099497,	458.084987263
448.480551827,	460.948170103,	205.319150685
448.25992805,	463.780139911,	330.286871606
448.039304273,	466.61210972,	455.254592527
571.762673897,	210.165995254,	211.219926579
571.54205012,	212.997965062,	336.1876475
571.321426342,	215.829934871,	461.15536842
572.620045321,	335.131005476,	208.389531842
572.399421544,	337.962975285,	333.357252763
572.178797767,	340.794945093,	458.324973684
573.477416746,	460.096015699,	205.559137106
573.256792969,	462.927985507,	330.526858027
573.036169191,	465.759955315,	455.494578947
696.759538815,	209.31384085,	211.459912999
696.538915038,	212.145810658,	336.42763392
696.318291261,	214.977780466,	461.395354841
697.616910239,	334.278851072,	208.629518263
697.396286462,	337.11082088,	333.597239184
697.175662685,	339.942790689,	458.564960104
698.474281664,	459.243861294,	205.799123526
698.253657887,	462.075831103,	330.766844447
698.03303411,	464.907800911,	455.734565368
438.832087264,	207.129511238,	460.682348201
442.836339344,	203.478068151,	585.564824668
446.840591424,	199.826625064,	710.447301136
439.45130591,	332.075158282,	464.315783607
443.455557989,	328.423715196,	589.198260074
447.459810069,	324.772272109,	714.080736542
440.070524555,	457.020805327,	467.949219013
444.074776634,	453.36936224,	592.83169548
448.079028714,	449.717919154,	717.714171948
563.76640014,	206.627268305,	456.661748931
567.770652219,	202.975825218,	581.544225399
571.774904299,	199.324382131,	706.426701867
564.385618785,	331.57291535,	460.295184337
568.389870864,	327.921472263,	585.177660805
572.394122944,	324.270029176,	710.060137272
565.00483743,	456.518562394,	463.928619743
569.009089509,	452.867119308,	588.811096211
573.013341589,	449.215676221,	713.693572678
688.700713015,	206.125025372,	452.641149662
692.704965094,	202.473582285,	577.52362613
696.709217174,	198.822139199,	702.406102597
689.31993166,	331.070672417,	456.274585068
693.324183739,	327.41922933,	581.157061536
697.328435819,	323.767786243,	706.039538003
689.939150305,	456.016319461,	459.908020474
693.943402385,	452.364876375,	584.790496941
697.947654464,	448.713433288,	709.672973409
453.43391559,	442.992128608,	216.239170917
457.572832532,	442.886973159,	341.170585337
461.711749474,	442.781817709,	466.101999756
451.686014974,	567.979800955,	216.402280816
455.824931916,	567.874645505,	341.333695236
459.963848859,	567.769490055,	466.265109655
449.938114359,	692.967473301,	216.565390715
454.077031301,	692.862317852,	341.496805135
458.215948243,	692.757162402,	466.428219554
578.353146335,	444.744470964,	212.10213257
582.492063277,	444.639315514,	337.03354699
586.63098022,	444.534160065,	461.964961409
576.605245719,	569.732143311,	212.265242469
580.744162662,	569.626987861,	337.196656889
584.883079604,	569.521832411,	462.128071308
574.857345104,	694.719815657,	212.428352368
578.996262046,	694.614660207,	337.359766787
583.135178989,	694.509504758,	462.291181207
703.27237708,	446.49681332,	207.965094223
707.411294022,	446.39165787,	332.896508642
711.550210965,	446.28650242,	457.827923062
701.524476464,	571.484485667,	208.128204122
705.663393407,	571.379330217,	333.059618541
709.802310349,	571.274174767,	457.991032961
699.776575849,	696.472158013,	208.291314021
703.915492791,	696.367002563,	333.22272844
708.054409734,	696.261847113,	458.15414286
449.067750606,	449.487040208,	452.20681847
449.761414822,	450.975736245,	577.196028461
450.455079039,	452.464432282,	702.185238451
448.842516581,	574.477986729,	450.719351752
449.536180797,	575.966682767,	575.708561743
450.229845014,	577.455378804,	700.697771733
448.617282556,	699.468933251,	449.231885034
449.310946773,	700.957629288,	574.221095024
450.004610989,	702.446325326,	699.210305015
574.065622986,	449.704000371,	451.510522054
574.759287202,	451.192696408,	576.499732045
575.452951419,	452.681392445,	701.488942036
573.840388961,	574.694946892,	450.023055336
574.534053178,	576.18364293,	575.012265327
575.227717394,	577.672338967,	700.001475317
573.615154936,	699.685893414,	448.535588618
574.308819153,	701.174589451,	573.524798608
575.002483369,	702.663285489,	698.514008599
699.063495366,	449.920960534,	450.814225639
699.757159583,	451.409656571,	575.803435629
700.450823799,	452.898352608,	700.79264562
698.838261341,	574.911907056,	449.32675892
699.531925558,	576.400603093,	574.315968911
700.225589774,	577.88929913,	699.305178901
698.613027317,	699.902853577,	447.839292202
699.306691533,	701.391549615,	572.828502193
700.00035575,	702.880245652,	697.817712183
